   0.0000000000000000        0.0000000000000000     
  0.30901699437494740       0.95105651629515364     
   1.3090169943749475       0.95105651629515364     
  0.99999999999999989        0.0000000000000000     
 -0.80901699437494745       0.58778525229247325     
 -0.49999999999999994        1.5388417685876268     
 -0.80901699437494767      -0.58778525229247325     
  -1.6180339887498953        0.0000000000000000     
  0.30901699437494740      -0.95105651629515375     
 -0.50000000000000022       -1.5388417685876270     
   1.3090169943749479      -0.95105651629515420     
