 0.00000000e+00     0.00000000e+00
-3.09016994e-01    -9.51056516e-01
 8.09016994e-01    -5.87785252e-01
 8.09016994e-01     5.87785252e-01
-3.09016994e-01     9.51056516e-01
-1.00000000e+00     1.37231113e-16
-1.30901699e+00    -9.51056516e-01
 5.00000000e-01    -1.53884177e+00
 1.61803399e+00    -2.22044605e-16
 5.00000000e-01     1.53884177e+00
-1.30901699e+00     9.51056516e-01
-1.80901699e+00    -5.87785252e-01
-1.11803399e+00    -1.53884177e+00
-1.11022302e-16    -1.90211303e+00
 1.11803399e+00    -1.53884177e+00
 1.80901699e+00    -5.87785252e-01
 1.80901699e+00     5.87785252e-01
 1.11803399e+00     1.53884177e+00
-1.79637859e-16     1.90211303e+00
-1.11803399e+00     1.53884177e+00
-1.80901699e+00     5.87785252e-01
-2.11803399e+00    -1.53884177e+00
-8.09016994e-01    -2.48989828e+00
 8.09016994e-01    -2.48989828e+00
 2.11803399e+00    -1.53884177e+00
 2.61803399e+00    -1.11022302e-16
 2.11803399e+00     1.53884177e+00
 8.09016994e-01     2.48989828e+00
-8.09016994e-01     2.48989828e+00
-2.11803399e+00     1.53884177e+00
-2.61803399e+00     0.00000000e+00
-2.92705098e+00    -9.51056516e-01
-1.80901699e+00    -2.48989828e+00
-6.66133815e-16    -3.07768354e+00
 1.80901699e+00    -2.48989828e+00
 2.92705098e+00    -9.51056516e-01
 2.92705098e+00     9.51056516e-01
 1.80901699e+00     2.48989828e+00
-1.11022302e-16     3.07768354e+00
-1.80901699e+00     2.48989828e+00
-2.92705098e+00     9.51056516e-01
-3.23606798e+00    -1.11022302e-16
-1.00000000e+00    -3.07768354e+00
 2.61803399e+00    -1.90211303e+00
 2.61803399e+00     1.90211303e+00
-1.00000000e+00     3.07768354e+00
-2.92705098e+00    -2.12662702e+00
 1.11803399e+00    -3.44095480e+00
 3.61803399e+00    -5.55111512e-17
 1.11803399e+00     3.44095480e+00
-2.92705098e+00     2.12662702e+00
-3.92705098e+00    -9.51056516e-01
-3.73606798e+00    -1.53884177e+00
-2.61803399e+00    -3.07768354e+00
-2.11803399e+00    -3.44095480e+00
-3.09016994e-01    -4.02874005e+00
 3.09016994e-01    -4.02874005e+00
 2.11803399e+00    -3.44095480e+00
 2.61803399e+00    -3.07768354e+00
 3.73606798e+00    -1.53884177e+00
 3.92705098e+00    -9.51056516e-01
 3.92705098e+00     9.51056516e-01
 3.73606798e+00     1.53884177e+00
 2.61803399e+00     3.07768354e+00
 2.11803399e+00     3.44095480e+00
 3.09016994e-01     4.02874005e+00
-3.09016994e-01     4.02874005e+00
-2.11803399e+00     3.44095480e+00
-2.61803399e+00     3.07768354e+00
-3.73606798e+00     1.53884177e+00
-3.92705098e+00     9.51056516e-01
-1.30901699e+00    -4.02874005e+00
 3.42705098e+00    -2.48989828e+00
 3.42705098e+00     2.48989828e+00
-1.30901699e+00     4.02874005e+00
-4.23606798e+00     0.00000000e+00
-4.73606798e+00    -1.53884177e+00
-2.92705098e+00    -4.02874005e+00
-6.10622664e-16    -4.97979657e+00
 2.92705098e+00    -4.02874005e+00
 4.73606798e+00    -1.53884177e+00
 4.73606798e+00     1.53884177e+00
 2.92705098e+00     4.02874005e+00
 5.55111512e-16     4.97979657e+00
-2.92705098e+00     4.02874005e+00
-4.73606798e+00     1.53884177e+00
