1  2
1  3
1  4
1  5
1  6
2  7
2  8
2  13
2  14
3  8
3  9
3  15
3  16
4  9
4  10
4  17
4  18
5  10
5  11
5  19
5  20
6  7
6  11
6  12
6  21
7  22
8  24
9  26
10  28
11  30
12  22
12  31
13  22
13  23
14  23
14  24
15  24
15  25
16  25
16  26
17  26
17  27
18  27
18  28
19  28
19  29
20  29
20  30
21  30
21  31
22  32
22  33
22  47
23  33
23  34
24  34
24  35
24  48
25  35
25  36
26  36
26  37
26  49
27  37
27  38
28  38
28  39
28  50
29  39
29  40
30  40
30  41
30  51
31  32
31  41
32  42
32  52
32  53
33  43
33  54
33  55
34  43
34  56
34  57
35  44
35  58
35  59
36  44
36  60
36  61
37  45
37  62
37  63
38  45
38  64
38  65
39  46
39  66
39  67
40  46
40  68
40  69
41  42
41  70
41  71
42  76
43  72
44  73
45  74
46  75
47  53
47  54
48  57
48  58
49  61
49  62
50  65
50  66
51  69
51  70
52  76
52  77
53  77
54  78
55  72
55  78
56  72
56  79
57  79
58  80
59  73
59  80
60  73
60  81
61  81
62  82
63  74
63  82
64  74
64  83
65  83
66  84
67  75
67  84
68  75
68  85
69  85
70  86
71  76
71  86
