   2.9270509831248415        2.1266270208800995     
   3.2360679774997889        3.0776835371752531     
   4.2360679774997889        3.0776835371752531     
   3.9270509831248415        2.1266270208800995     
   4.7360679774997889        1.5388417685876263     
   3.7360679774997889        1.5388417685876261     
   2.1180339887498940        1.5388417685876263     
   2.9270509831248415       0.95105651629515342     
   1.8090169943749466        2.4898982848827802     
   2.6180339887498940        3.0776835371752531     
   2.9270509831248410        4.0287400534704068     
   2.1180339887498936        3.4409548011779338     
   1.3090169943749459        4.0287400534704068     
   2.1180339887498936        4.6165253057628801     
   3.9270509831248415        4.0287400534704068     
   4.7360679774997880        4.6165253057628792     
   5.5450849718747355        4.0287400534704059     
   4.7360679774997880        3.4409548011779330     
   5.0450849718747355        2.4898982848827793     
   3.2360679774997885        4.9797965697655595     
   4.2360679774997880        4.9797965697655595     
   5.0450849718747355        5.5675818220580311     
   5.8541019662496829        3.0776835371752522     
   6.8541019662496829        3.0776835371752518     
   6.0450849718747355        2.4898982848827789     
   5.7360679774997880        1.5388417685876257     
   5.0450849718747355       0.58778525229247236     
   4.2360679774997880       -8.8817841970012523E-016
   3.9270509831248406       0.95105651629515298     
   5.5450849718747364       0.95105651629515287     
   5.8541019662496838       -9.9920072216264089E-016
   6.5450849718747364       0.95105651629515320     
   5.0450849718747364      -0.58778525229247380     
   6.8541019662496838       -5.8132032271227418E-016
   6.5450849718747364      -0.95105651629515431     
   5.5450849718747364      -0.95105651629515420     
   4.7360679774997889       -1.5388417685876272     
   3.2360679774997889       -4.4408920985006262E-016
   2.9270509831248419      -0.95105651629515442     
   2.6180339887498945       -5.8132032271227418E-016
   1.8090169943749466       0.58778525229247292     
  0.99999999999999967        0.0000000000000000     
   1.8090169943749470      -0.58778525229247292     
   2.1180339887498945       -1.5388417685876266     
   1.3090169943749470      -0.95105651629515353     
   0.0000000000000000        0.0000000000000000     
  0.30901699437494728      -0.95105651629515331     
  0.30901699437494740       0.95105651629515364     
   1.3090169943749475       0.95105651629515353     
   1.1180339887498942        1.5388417685876268     
  0.80901699437494723        2.4898982848827802     
   3.9270509831248415      -0.95105651629515353     
   3.7360679774997889       -1.5388417685876268     
   2.9270509831248415       -2.1266270208800995     
   1.8090169943749463       -2.4898982848827793     
  0.80901699437494656       -2.4898982848827793     
   1.1180339887498945       -1.5388417685876259     
  -5.5511151231257827E-017   1.9021130325903071     
 -0.80901699437494745       0.58778525229247314     
 -0.50000000000000011        1.5388417685876268     
 -0.80901699437494734        2.4898982848827802     
  -1.1180339887498947        1.5388417685876268     
  -2.1180339887498945        1.5388417685876270     
  -1.8090169943749470        2.4898982848827802     
   2.2204460492503131E-016   3.0776835371752536     
  0.30901699437494706        4.0287400534704068     
  0.99999999999999956        3.0776835371752531     
  -1.1180339887498949        3.4409548011779334     
 -0.30901699437494734        4.0287400534704068     
   0.0000000000000000        4.9797965697655604     
   1.8090169943749475        5.5675818220580338     
  0.99999999999999989        4.9797965697655604     
  0.80901699437494701        5.5675818220580338     
   2.1180339887498949        6.5186383383531874     
   1.1180339887498949        6.5186383383531874     
   2.9270509831248424        5.9308530860607140     
   2.6180339887498949        4.9797965697655604     
 -0.80901699437494834        5.5675818220580329     
 -0.50000000000000089        6.5186383383531865     
  0.30901699437494695        5.9308530860607132     
 -0.80901699437494790        4.3920113174730862     
  -1.6180339887498951        4.9797965697655595     
  0.30901699437494679        7.1064235906456608     
  -6.6613381477509392E-016   8.0574801069408153     
  0.80901699437494701        7.4696948546483410     
   1.8090169943749470        7.4696948546483410     
  -1.8090169943749479        5.5675818220580338     
  -2.1180339887498953        6.5186383383531874     
  -1.1180339887498953        6.5186383383531874     
 -0.80901699437494801        7.4696948546483410     
  -2.6180339887498953        4.9797965697655604     
  -1.8090169943749479        7.4696948546483419     
  -2.6180339887498953        8.0574801069408153     
  -1.6180339887498949        8.0574801069408153     
 -0.80901699437494778        8.6452653592332886     
  0.30901699437494667        9.0085366232359672     
   1.3090169943749468        9.0085366232359672     
  0.99999999999999922        8.0574801069408135     
   3.9270509831248415        5.9308530860607140     
   2.9270509831248415        7.1064235906456608     
   3.7360679774997894        6.5186383383531874     
   4.7360679774997898        6.5186383383531874     
   3.9270509831248419        7.1064235906456608     
   4.2360679774997898        8.0574801069408135     
   5.0450849718747373        7.4696948546483410     
   5.8541019662496847        4.9797965697655604     
   5.7360679774997898        6.5186383383531874     
   6.0450849718747373        5.5675818220580338     
   6.8541019662496847        4.9797965697655604     
   6.5450849718747355        7.1064235906456599     
   7.3541019662496829        6.5186383383531865     
   6.5450849718747355        5.9308530860607132     
   6.0450849718747355        7.4696948546483402     
   6.8541019662496829        8.0574801069408117     
   5.8541019662496838        8.0574801069408135     
   5.5450849718747364        9.0085366232359672     
   6.5450849718747364        9.0085366232359672     
   7.6631189606246313        7.4696948546483402     
   8.6631189606246295        7.4696948546483402     
   8.9721359549995778        6.5186383383531865     
   7.9721359549995778        6.5186383383531865     
   7.6631189606246295        5.5675818220580329     
   7.6631189606246304        8.6452653592332869     
   8.4721359549995778        8.0574801069408135     
   9.4721359549995761        8.0574801069408135     
   8.6631189606246295        5.5675818220580329     
   9.4721359549995761        4.9797965697655595     
   8.4721359549995761        4.9797965697655595     
   7.6631189606246304        4.3920113174730862     
   6.5450849718747355        4.0287400534704068     
   7.1631189606246313        4.0287400534704059     
   7.9721359549995787        3.4409548011779325     
   7.6631189606246304        2.4898982848827793     
   6.8541019662496829        1.9021130325903064     
   3.2360679774997902        8.0574801069408117     
   2.6180339887498958        8.0574801069408117     
   2.9270509831248428        9.0085366232359654     
   2.1180339887498949        8.4207513709434938     
   2.1180339887498949        9.5963218755284405     
   3.9270509831248424        9.0085366232359672     
   4.7360679774997889        9.5963218755284387     
   4.7360679774997889        8.4207513709434920     
   3.2360679774997894        9.9595931395311190     
   4.2360679774997898        9.9595931395311190     
   5.0450849718747364        10.547378391823592     
   6.8541019662496838        9.9595931395311190     
   5.8541019662496847        9.9595931395311190     
   6.0450849718747364        10.547378391823592     
   7.6631189606246313        10.547378391823591     
   6.8541019662496838        11.135163644116064     
   7.9721359549995787        9.5963218755284370     
   7.1631189606246313        9.0085366232359636     
   8.7811529493745244        4.0287400534704059     
   9.7811529493745244        4.0287400534704059     
   8.9721359549995778        3.4409548011779325     
   8.6631189606246295        2.4898982848827793     
   9.7811529493745244        5.9308530860607132     
   10.590169943749473        6.5186383383531865     
   10.281152949374524        5.5675818220580329     
   10.590169943749473        4.6165253057628792     
   10.590169943749473        3.4409548011779325     
   10.281152949374524        2.4898982848827789     
   9.4721359549995761        3.0776835371752522     
   10.781152949374526        4.0287400534704050     
   11.590169943749473        3.4409548011779321     
   11.590169943749473        4.6165253057628783     
   11.281152949374526        2.4898982848827798     
   12.399186938124419        4.0287400534704059     
   12.708203932499366        3.0776835371752527     
   11.899186938124419        2.4898982848827798     
   11.590169943749471        1.5388417685876261     
   9.4721359549995761        1.9021130325903062     
   9.7811529493745262       0.95105651629515231     
   8.9721359549995778        1.5388417685876257     
   7.9721359549995778        1.5388417685876257     
   7.6631189606246304       0.58778525229247303     
   8.6631189606246295       0.58778525229247303     
   9.4721359549995761       -3.3306690738754696E-016
   8.4721359549995761       -3.3306690738754696E-016
   7.6631189606246304      -0.58778525229247314     
   7.3541019662496829        1.5388417685876268     
   10.590169943749473        1.5388417685876261     
   10.781152949374524       0.95105651629515287     
   10.472135954999578       -4.7029802024975852E-016
   9.7811529493745262      -0.95105651629515386     
   8.9721359549995796       -1.5388417685876272     
   8.6631189606246313      -0.58778525229247325     
   6.8541019662496829       -1.9021130325903073     
   6.0450849718747355       -2.4898982848827806     
   5.7360679774997880       -1.5388417685876266     
   7.3541019662496829       -1.5388417685876270     
   7.6631189606246304       -2.4898982848827806     
   7.9721359549995769       -1.5388417685876268     
   8.6631189606246295       -2.4898982848827806     
   6.8541019662496829       -3.0776835371752540     
   6.5450849718747355       -4.0287400534704076     
   5.5450849718747355       -4.0287400534704076     
   5.8541019662496829       -3.0776835371752536     
   5.0450849718747355       -2.4898982848827806     
   7.9721359549995778       -3.4409548011779343     
   7.1631189606246304       -4.0287400534704076     
   6.8541019662496829       -4.9797965697655613     
   4.7360679774997880       -3.4409548011779338     
   3.9270509831248406       -4.0287400534704076     
   4.2360679774997880       -3.0776835371752536     
   3.9270509831248406       -2.1266270208800999     
  -1.9270509831248417        4.0287400534704059     
  -2.1180339887498945        3.4409548011779334     
  -2.9270509831248415        4.0287400534704059     
  -2.6180339887498949        3.0776835371752527     
  -3.4270509831248419        2.4898982848827789     
  -3.7360679774997894        3.4409548011779325     
  -2.9270509831248415        5.9308530860607132     
  -3.7360679774997894        4.6165253057628792     
  -3.4270509831248419        5.5675818220580329     
  -3.7360679774997885        6.5186383383531865     
  -1.8090169943749470       0.58778525229247325     
 -0.80901699437494756      -0.58778525229247314     
  -1.6180339887498951        1.7963785889362146E-016
  -2.6180339887498949        2.2204460492503131E-016
  -1.8090169943749475      -0.58778525229247314     
  -2.1180339887498949       -1.5388417685876266     
  -2.9270509831248424      -0.95105651629515331     
  -2.9270509831248424       0.95105651629515409     
  -3.7360679774997894        1.5388417685876268     
  -2.6180339887498945        1.9021130325903073     
  -3.6180339887498949        2.7446222572442327E-016
  -3.9270509831248424       0.95105651629515409     
  -4.7360679774997889        1.5388417685876270     
  -4.7360679774997889        3.4409548011779330     
  -4.4270509831248415        2.4898982848827793     
  -5.0450849718747364        2.4898982848827793     
  -5.5450849718747364        4.0287400534704068     
  -5.8541019662496838        3.0776835371752531     
  -4.7360679774997889        4.6165253057628801     
  -3.9270509831248415        4.0287400534704068     
  -5.5450849718747373       0.95105651629515331     
  -6.3541019662496847        1.5388417685876266     
  -5.5450849718747373        2.1266270208800999     
  -4.4270509831248424       0.58778525229247280     
  -5.2360679774997898       -4.4408920985006262E-016
  -6.6631189606246313        2.4898982848827798     
  -7.6631189606246313        2.4898982848827798     
  -6.8541019662496838        3.0776835371752531     
  -6.5450849718747364        4.0287400534704068     
  -5.8541019662496838       -1.1102230246251565E-016
  -6.8541019662496838        0.0000000000000000     
  -6.5450849718747364       0.95105651629515353     
  -7.3541019662496838        1.5388417685876268     
  -5.5450849718747364      -0.95105651629515331     
  -7.6631189606246313       0.58778525229247314     
  -8.4721359549995796       -1.1102230246251565E-016
  -8.1631189606246313       0.95105651629515364     
  -8.4721359549995796        1.9021130325903071     
  -8.4721359549995796        3.0776835371752531     
  -8.1631189606246313        4.0287400534704068     
  -7.3541019662496838        3.4409548011779334     
  -4.4270509831248424        5.5675818220580329     
  -5.8541019662496838        4.9797965697655604     
  -5.0450849718747364        5.5675818220580338     
  -4.7360679774997889        6.5186383383531865     
  -5.5450849718747364        5.9308530860607132     
  -6.3541019662496847        6.5186383383531874     
  -5.5450849718747364        7.1064235906456608     
  -2.9270509831248419        7.1064235906456608     
  -4.4270509831248424        7.4696948546483410     
  -3.4270509831248424        7.4696948546483410     
  -4.7360679774997889        8.4207513709434920     
  -3.9270509831248415        9.0085366232359654     
  -3.6180339887498940        8.0574801069408117     
  -5.2360679774997898        8.0574801069408117     
  -5.5450849718747364        9.0085366232359654     
  -5.8541019662496838        8.0574801069408117     
  -6.8541019662496838        8.0574801069408117     
  -6.5450849718747364        9.0085366232359654     
  -4.7360679774997889        9.5963218755284387     
  -4.4270509831248424        10.547378391823592     
  -3.4270509831248424        10.547378391823592     
  -3.7360679774997898        9.5963218755284387     
  -2.9270509831248410        9.0085366232359654     
  -5.8541019662496838        9.9595931395311190     
  -5.0450849718747364        10.547378391823592     
  -4.7360679774997889        11.498434908118746     
  -2.6180339887498940        9.9595931395311190     
  -1.8090169943749463        10.547378391823592     
  -2.1180339887498940        9.5963218755284387     
  -1.8090169943749466        8.6452653592332851     
  -6.6631189606246313        5.5675818220580329     
  -6.8541019662496838        4.9797965697655595     
  -7.6631189606246313        5.5675818220580329     
  -7.3541019662496838        4.6165253057628783     
  -8.4721359549995796        4.9797965697655595     
  -7.3541019662496838        6.5186383383531865     
  -7.6631189606246313        7.4696948546483384     
  -6.5450849718747364        7.1064235906456581     
  -8.4721359549995796        6.1553670743505045     
  -8.1631189606246313        7.1064235906456581     
  -8.4721359549995778        8.0574801069408117     
  -7.3541019662496838        9.5963218755284370     
  -7.6631189606246313        8.6452653592332833     
  -8.1631189606246313        9.0085366232359636     
  -7.6631189606246313        10.547378391823591     
  -8.4721359549995796        9.9595931395311172     
  -6.6631189606246313        10.547378391823591     
  -6.3541019662496838        9.5963218755284370     
  -1.1180339887498931        9.5963218755284387     
 -0.80901699437494579        10.547378391823592     
 -0.49999999999999833        9.5963218755284387     
  -2.6180339887498931        11.135163644116066     
  -2.9270509831248406        12.086220160411219     
  -2.1180339887498931        11.498434908118746     
  -1.1180339887498929        11.498434908118746     
   1.9984014443252818E-015   11.135163644116066     
  0.80901699437494967        10.547378391823592     
   1.7763568394002505E-015   9.9595931395311190     
 -0.49999999999999867        11.498434908118744     
  0.30901699437494906        12.086220160411218     
 -0.80901699437494590        12.449491424413898     
   1.1180339887498962        11.498434908118746     
   1.6167407300425931E-015   13.037276676706373     
   1.0000000000000016        13.037276676706373     
   1.3090169943749490        12.086220160411219     
   2.1180339887498958        11.498434908118746     
   1.1180339887498962        9.5963218755284387     
   1.8090169943749490        10.547378391823589     
   2.4270509831248437        10.547378391823589     
  -4.4270509831248424      -0.58778525229247325     
  -3.9270509831248428      -0.95105651629515386     
  -4.7360679774997898       -1.5388417685876268     
  -3.7360679774997894       -1.5388417685876270     
  -3.4270509831248424       -2.4898982848827806     
  -4.4270509831248424       -2.4898982848827806     
  -6.5450849718747364      -0.95105651629515375     
  -5.5450849718747373       -2.1266270208801004     
  -6.3541019662496847       -1.5388417685876270     
  -7.3541019662496838       -1.5388417685876270     
  -1.1180339887498951       -1.5388417685876270     
 -0.50000000000000022       -1.5388417685876272     
 -0.80901699437494790       -2.4898982848827806     
  -8.9818929446810729E-017  -1.9021130325903077     
  -1.1102230246251565E-016  -3.0776835371752544     
  -1.8090169943749481       -2.4898982848827811     
  -2.6180339887498949       -3.0776835371752540     
  -2.6180339887498949       -1.9021130325903073     
  -1.1180339887498949       -3.4409548011779343     
  -2.1180339887498953       -3.4409548011779343     
  -2.9270509831248428       -4.0287400534704068     
  -4.7360679774997907       -3.4409548011779343     
  -3.7360679774997907       -3.4409548011779343     
  -3.9270509831248428       -4.0287400534704076     
  -5.5450849718747381       -4.0287400534704076     
  -4.7360679774997907       -4.6165253057628810     
  -5.8541019662496856       -3.0776835371752540     
  -5.0450849718747381       -2.4898982848827806     
  -2.6180339887498940       -4.9797965697655613     
  -3.4270509831248424       -5.5675818220580355     
  -3.7360679774997898       -4.6165253057628810     
  -1.9270509831248421       -4.0287400534704076     
  -1.6180339887498947       -4.9797965697655613     
  -4.4270509831248424       -5.5675818220580338     
  -4.7360679774997898       -6.5186383383531874     
  -5.0450849718747373       -5.5675818220580338     
  -5.8541019662496838       -4.9797965697655613     
  -1.8090169943749479       -5.5675818220580346     
  -2.1180339887498949       -6.5186383383531883     
  -2.9270509831248428       -5.9308530860607149     
  -3.7360679774997902       -6.5186383383531883     
 -0.80901699437494790       -5.5675818220580338     
  -2.9270509831248428       -7.1064235906456608     
  -2.6180339887498953       -8.0574801069408153     
  -3.4270509831248428       -7.4696948546483410     
  -4.4270509831248424       -7.4696948546483410     
  -5.5450849718747373       -7.1064235906456608     
  -6.3541019662496847       -6.5186383383531874     
  -5.5450849718747373       -5.9308530860607140     
  -6.6631189606246330       -2.4898982848827802     
  -6.5450849718747381       -4.0287400534704076     
  -6.8541019662496865       -3.0776835371752540     
  -7.6631189606246339       -2.4898982848827798     
  -7.3541019662496856       -3.4409548011779338     
  -8.1631189606246330       -4.0287400534704068     
  -8.4721359549995814       -3.0776835371752531     
  -7.6631189606246330      -0.58778525229247280     
  -8.4721359549995814       -1.9021130325903073     
  -8.1631189606246330      -0.95105651629515320     
  -9.4721359549995778       -1.9021130325903073     
  -9.7811529493745262      -0.95105651629515342     
  -8.7811529493745244      -0.95105651629515353     
  -9.2811529493745262       -2.4898982848827806     
  -10.281152949374526       -2.4898982848827802     
  -9.4721359549995796       -3.0776835371752540     
  -9.7811529493745262       -4.0287400534704076     
  -10.590169943749473       -3.4409548011779343     
  -10.590169943749475       -1.5388417685876270     
  -11.399186938124421      -0.95105651629515375     
  -11.090169943749473        0.0000000000000000     
  -10.281152949374524      -0.58778525229247336     
  -9.4721359549995761       -1.1102230246251565E-016
  -11.281152949374524       -2.4898982848827806     
  -11.590169943749473       -1.5388417685876268     
  -12.399186938124419      -0.95105651629515342     
  -10.281152949374524       0.58778525229247314     
  -10.590169943749473        1.5388417685876274     
  -9.7811529493745244       0.95105651629515386     
  -8.7811529493745226       0.95105651629515364     
  -7.3541019662496829       -4.6165253057628810     
  -6.8541019662496847       -4.9797965697655613     
  -7.6631189606246313       -5.5675818220580346     
  -6.6631189606246313       -5.5675818220580338     
  -7.3541019662496838       -6.5186383383531874     
  -8.4721359549995796       -4.9797965697655604     
  -9.4721359549995796       -4.9797965697655613     
  -8.7811529493745262       -4.0287400534704076     
  -8.4721359549995796       -6.1553670743505071     
  -9.2811529493745262       -5.5675818220580338     
  -10.281152949374528       -5.5675818220580346     
  -11.399186938124423       -4.0287400534704076     
  -10.590169943749475       -4.6165253057628810     
  -11.090169943749475       -4.9797965697655613     
  -12.399186938124423       -4.0287400534704076     
  -12.090169943749475       -4.9797965697655613     
  -12.090169943749475       -3.0776835371752531     
  -11.090169943749475       -3.0776835371752536     
  -9.4721359549995778        1.9021130325903073     
  -10.281152949374526        2.4898982848827806     
  -9.2811529493745244        2.4898982848827806     
  -11.399186938124421       0.95105651629515398     
  -12.399186938124419       0.95105651629515398     
  -11.590169943749473        1.5388417685876274     
  -11.281152949374524        2.4898982848827811     
  -10.590169943749473        3.4409548011779343     
  -9.7811529493745244        4.0287400534704076     
  -9.4721359549995761        3.0776835371752540     
  -11.090169943749475        3.0776835371752536     
  -11.399186938124423        4.0287400534704076     
  -12.090169943749476        3.0776835371752544     
  -10.590169943749475        4.6165253057628810     
  -12.399186938124423        4.0287400534704076     
  -12.090169943749475        4.9797965697655613     
  -11.090169943749475        4.9797965697655613     
  -10.281152949374524        5.5675818220580355     
  -8.7811529493745279        4.0287400534704076     
  -9.4721359549995796        4.9797965697655613     
  -9.2811529493745262        5.5675818220580346     
 -0.80901699437494790       -4.3920113174730870     
 -0.30901699437494767       -4.0287400534704068     
  -5.5511151231257827E-016  -4.9797965697655604     
  0.30901699437494756       -4.0287400534704068     
   1.3090169943749477       -4.0287400534704068     
   1.0000000000000000       -4.9797965697655604     
  -1.1180339887498949       -6.5186383383531874     
  0.30901699437494723       -5.9308530860607149     
 -0.50000000000000033       -6.5186383383531883     
 -0.80901699437494812       -7.4696948546483410     
   2.1180339887498949       -3.4409548011779343     
   1.0000000000000000       -3.0776835371752540     
   2.6180339887498949       -3.0776835371752540     
   2.9270509831248419       -4.0287400534704076     
   1.8090169943749470       -5.5675818220580329     
   2.1180339887498945       -4.6165253057628792     
   2.6180339887498949       -4.9797965697655604     
   2.1180339887498940       -6.5186383383531865     
   2.9270509831248415       -5.9308530860607132     
   1.1180339887498940       -6.5186383383531865     
  0.80901699437494656       -5.5675818220580329     
   4.2360679774997907       -4.9797965697655613     
   3.2360679774997902       -4.9797965697655604     
   3.2360679774997902       -3.0776835371752531     
   3.9270509831248415       -5.9308530860607140     
   4.7360679774997898       -6.5186383383531874     
   3.7360679774997894       -6.5186383383531874     
   2.9270509831248415       -7.1064235906456608     
   4.7360679774997898       -4.6165253057628810     
   5.0450849718747373       -5.5675818220580346     
   5.8541019662496838       -4.9797965697655604     
   6.0450849718747373       -5.5675818220580346     
   5.7360679774997898       -6.5186383383531874     
   5.0450849718747373       -7.4696948546483410     
   4.2360679774997898       -8.0574801069408153     
   3.9270509831248424       -7.1064235906456608     
  0.30901699437494601       -7.1064235906456608     
   1.8090169943749468       -7.4696948546483419     
  0.80901699437494612       -7.4696948546483419     
  -1.8873791418627661E-015  -8.0574801069408153     
  0.99999999999999856       -8.0574801069408153     
   1.3090169943749461       -9.0085366232359689     
  0.30901699437494556       -9.0085366232359689     
  -1.8090169943749497       -7.4696948546483419     
 -0.80901699437494945       -8.6452653592332886     
  -1.6180339887498971       -8.0574801069408153     
  -1.1180339887498949       -9.5963218755284387     
  -2.1180339887498949       -9.5963218755284387     
  -1.8090169943749472       -8.6452653592332851     
 -0.50000000000000033       -9.5963218755284387     
 -0.80901699437494812       -10.547378391823592     
  -8.9818929446810729E-017  -9.9595931395311208     
  0.80901699437494745       -10.547378391823594     
  -2.2204460492503131E-016  -11.135163644116068     
  -1.8090169943749479       -10.547378391823594     
  -2.6180339887498949       -11.135163644116066     
  -3.4270509831248424       -10.547378391823592     
  -2.6180339887498945       -9.9595931395311190     
  -2.9270509831248419       -9.0085366232359654     
  -1.1180339887498947       -11.498434908118746     
  -2.1180339887498949       -11.498434908118746     
  -2.9270509831248424       -12.086220160411219     
  -3.7360679774997894       -9.5963218755284387     
  -4.7360679774997898       -9.5963218755284387     
  -3.9270509831248419       -9.0085366232359654     
  -3.6180339887498940       -8.0574801069408117     
   2.1180339887498940       -8.4207513709434938     
   2.6180339887498940       -8.0574801069408135     
   2.9270509831248410       -9.0085366232359672     
   3.2360679774997885       -8.0574801069408153     
   3.9270509831248410       -9.0085366232359689     
   2.1180339887498931       -9.5963218755284423     
   1.8090169943749466       -10.547378391823594     
   1.1180339887498940       -9.5963218755284405     
   3.2360679774997889       -9.9595931395311208     
   2.4270509831248410       -10.547378391823594     
   2.1180339887498931       -11.498434908118748     
  0.30901699437494612       -12.086220160411219     
   1.1180339887498936       -11.498434908118746     
   1.3090169943749463       -12.086220160411221     
  -1.4371028711489717E-015  -13.037276676706375     
  0.99999999999999845       -13.037276676706375     
 -0.80901699437494901       -12.449491424413901     
 -0.50000000000000122       -11.498434908118748     
  -4.7360679774997898       -8.4207513709434938     
  -5.5450849718747373       -9.0085366232359672     
  -5.2360679774997898       -8.0574801069408135     
  -4.4270509831248424       -10.547378391823594     
  -4.7360679774997898       -11.498434908118748     
  -5.0450849718747373       -10.547378391823594     
  -5.8541019662496838       -9.9595931395311208     
  -6.5450849718747373       -9.0085366232359672     
  -6.8541019662496847       -8.0574801069408135     
  -5.8541019662496847       -8.0574801069408135     
  -6.3541019662496838       -9.5963218755284387     
  -7.3541019662496838       -9.5963218755284387     
  -6.6631189606246322       -10.547378391823592     
  -7.6631189606246313       -8.6452653592332851     
  -7.6631189606246313       -10.547378391823592     
  -8.4721359549995796       -9.9595931395311190     
  -8.1631189606246313       -9.0085366232359654     
  -8.4721359549995778       -8.0574801069408117     
  -6.5450849718747364       -7.1064235906456581     
  -7.6631189606246313       -7.4696948546483402     
  -8.1631189606246313       -7.1064235906456599     
   8.7811529493745262       -4.0287400534704085     
   8.4721359549995778       -4.9797965697655631     
   7.6631189606246313       -4.3920113174730888     
   8.9721359549995796       -3.4409548011779352     
   9.7811529493745262       -4.0287400534704085     
   9.4721359549995796       -3.0776835371752549     
   10.281152949374528       -2.4898982848827815     
   10.590169943749476       -3.4409548011779356     
   9.4721359549995796       -4.9797965697655622     
   9.7811529493745262       -5.9308530860607158     
   8.9721359549995796       -6.5186383383531892     
   8.6631189606246313       -5.5675818220580355     
   7.6631189606246313       -5.5675818220580355     
   10.590169943749476       -4.6165253057628819     
   10.281152949374528       -5.5675818220580364     
   10.590169943749473       -6.5186383383531901     
   7.9721359549995787       -6.5186383383531892     
   7.6631189606246313       -7.4696948546483437     
   7.3541019662496838       -6.5186383383531892     
   6.5450849718747364       -5.9308530860607158     
   10.590169943749476       -1.5388417685876286     
   9.4721359549995796       -1.9021130325903086     
   10.781152949374528      -0.95105651629515531     
   11.590169943749475       -1.5388417685876286     
   11.590169943749473       -3.4409548011779365     
   11.281152949374526       -2.4898982848827829     
   11.899186938124421       -2.4898982848827829     
   12.399186938124421       -4.0287400534704103     
   12.708203932499369       -3.0776835371752567     
   11.590169943749473       -4.6165253057628837     
   10.781152949374526       -4.0287400534704103     
   6.5450849718747337       -7.1064235906456608     
   6.8541019662496829       -8.0574801069408153     
   6.0450849718747346       -7.4696948546483410     
   8.6631189606246313       -7.4696948546483428     
   9.4721359549995796       -8.0574801069408171     
   8.4721359549995778       -8.0574801069408171     
   7.6631189606246304       -8.6452653592332904     
   6.5450849718747364       -9.0085366232359707     
   5.5450849718747355       -9.0085366232359707     
   5.8541019662496838       -8.0574801069408171     
   7.1631189606246313       -9.0085366232359707     
   6.8541019662496829       -9.9595931395311244     
   7.9721359549995787       -9.5963218755284441     
   5.8541019662496829       -9.9595931395311244     
   7.6631189606246313       -10.547378391823599     
   6.8541019662496829       -11.135163644116073     
   6.0450849718747346       -10.547378391823599     
   5.0450849718747355       -10.547378391823598     
   4.7360679774997880       -8.4207513709434973     
   4.7360679774997871       -9.5963218755284423     
   4.2360679774997880       -9.9595931395311226     
