1  
2  3  4  5  6  
7  8  9  10  11  
22  24  26  28  30  
23  25  27  29  31  
42  43  44  45  46  
47  48  49  50  51  
72  73  74  75  76  
107  108  109  110  111  
133  135  137  139  141  
132  134  136  138  140  
182  184  186  188  190  
183  185  187  189  191  
273  275  277  279  281  
272  274  276  278  280  
333  335  337  339  341  
332  334  336  338  340  
412  413  414  415  416  
467  468  469  470  471  
12  13  14  15  16  17  18  19  20  21  
32  33  34  35  36  37  38  39  40  41  
53  54  57  58  61  62  65  66  69  70  
52  55  56  59  60  63  64  67  68  71  
77  78  79  80  81  82  83  84  85  86  
87  88  89  90  91  92  93  94  95  96  
97  98  99  100  101  102  103  104  105  106  
113  114  117  118  121  122  125  126  129  130  
112  115  116  119  120  123  124  127  128  131  
142  143  144  145  146  147  148  149  150  151  
152  153  154  155  156  157  158  159  160  161  
163  164  167  168  171  172  175  176  179  180  
162  165  166  169  170  173  174  177  178  181  
192  193  194  195  196  197  198  199  200  201  
203  204  207  208  211  212  215  216  219  220  
202  205  206  209  210  213  214  217  218  221  
223  224  227  228  231  232  235  236  239  240  
222  225  226  229  230  233  234  237  238  241  
242  243  244  245  246  247  248  249  250  251  
252  253  254  255  256  257  258  259  260  261  
262  263  264  265  266  267  268  269  270  271  
283  284  287  288  291  292  295  296  299  300  
282  285  286  289  290  293  294  297  298  301  
302  303  304  305  306  307  308  309  310  311  
312  313  314  315  316  317  318  319  320  321  
322  323  324  325  326  327  328  329  330  331  
342  343  344  345  346  347  348  349  350  351  
353  354  357  358  361  362  365  366  369  370  
352  355  356  359  360  363  364  367  368  371  
373  374  377  378  381  382  385  386  389  390  
372  375  376  379  380  383  384  387  388  391  
392  393  394  395  396  397  398  399  400  401  
402  403  404  405  406  407  408  409  410  411  
418  419  422  423  426  427  430  431  434  435  
417  420  421  424  425  428  429  432  433  436  
438  439  442  443  446  447  450  451  454  455  
437  440  441  444  445  448  449  452  453  456  
457  458  459  460  461  462  463  464  465  466  
472  473  474  475  476  477  478  479  480  481  
482  483  484  485  486  487  488  489  490  491  
492  493  494  495  496  497  498  499  500  501  
503  504  507  508  511  512  515  516  519  520  
502  505  506  509  510  513  514  517  518  521  
523  524  527  528  531  532  535  536  539  540  
522  525  526  529  530  533  534  537  538  541  
542  543  544  545  546  547  548  549  550  551  
552  553  554  555  556  557  558  559  560  561  
562  563  564  565  566  567  568  569  570  571  
572  573  574  575  576  577  578  579  580  581  
582  583  584  585  586  587  588  589  590  591  
592  593  594  595  596  597  598  599  600  601  
