           2           1
           3           2
           4           1
           4           3
           5           4
           6           1
           6           5
           7           1
           8           6
           8           7
           9           7
          10           1
          10           9
          11           2
          11          10
          12           9
          12          11
          13          12
          14          11
          14          13
          15           3
          15          11
          16          15
          17          16
          18          15
          18          17
          19           3
          19           5
          19          18
          20          11
          21          15
          21          20
          22          16
          22          21
          23          17
          23          19
          24          23
          25          19
          25          24
          26           5
          26          25
          27           5
          28          27
          29           5
          29           8
          29          28
          30           5
          31          27
          31          30
          32          26
          32          30
          33          28
          33          31
          34          31
          34          32
          35          34
          36          31
          36          35
          37          33
          37          36
          38           8
          38          28
          39          38
          40           8
          40          39
          41           7
          41          40
          42          41
          43          40
          43          42
          44          39
          44          43
          45          42
          45          44
          46          42
          47          45
          47          46
          48          46
          49           7
          49          42
          49          48
          50           7
          50          48
          51           9
          51          50
          52          28
          52          37
          52          39
          53          37
          53          39
          54          44
          54          53
          55          44
          56          55
          57          44
          57          47
          57          56
          58          48
          58          51
          59          46
          60          48
          60          59
          61          58
          61          60
          62          59
          62          61
          63          62
          64          61
          64          63
          65          51
          65          61
          66          13
          66          65
          67           9
          67          13
          67          65
          68          61
          69          65
          69          68
          70          66
          70          69
          71          14
          72          13
          72          70
          72          71
          73          70
          73          71
          74          71
          75          73
          75          74
          76          20
          76          74
          77          11
          77          71
          77          76
          78          70
          79          78
          80          70
          80          75
          80          79
          81          68
          81          70
          82          78
          82          81
          83          75
          83          79
          84          83
          85          75
          85          84
          86          74
          86          85
          87          78
          88          87
          89          78
          89          88
          90          79
          90          84
          90          89
          91          82
          91          87
          92          88
          92          90
          93          92
          94          90
          94          93
          95          84
          95          94
          96          84
          97          96
          98          84
          98          86
          98          97
          99          21
          99          76
         100          74
         101          76
         101         100
         102          22
         102          99
         102         101
         103         100
         103         102
         104         103
         105         102
         105         104
         106          17
         106          22
         107         102
         108          22
         108         107
         109         106
         109         108
         110         107
         111         110
         112         107
         112         109
         112         111
         113         105
         113         107
         114         110
         114         113
         115         105
         115         114
         116         115
         117         114
         117         116
         118         111
         118         114
         119         118
         120         119
         121         118
         121         120
         122         109
         122         111
         122         121
         123         114
         124         118
         124         123
         125         119
         125         124
         126         120
         126         122
         127         126
         128         122
         128         127
         129         109
         129         128
         130          17
         130          24
         130         109
         131          24
         131         109
         132         129
         132         131
         133          24
         133         132
         134          25
         134          32
         134         133
         135         100
         135         104
         136          86
         136         100
         137         135
         137         136
         138          86
         138          97
         138         137
         139          97
         139         137
         140         104
         140         137
         141         116
         141         140
         142         105
         142         116
         142         140
         143         137
         144         140
         144         143
         145         141
         145         144
         146         117
         147         116
         147         145
         147         146
         148         145
         148         146
         149         146
         150         148
         150         149
         151         123
         151         149
         152         114
         152         146
         152         151
         153         128
         153         132
         154         127
         154         153
         155         132
         155         154
         156         133
         156         155
         157         120
         157         127
         158         157
         159         127
         159         158
         160         154
         160         159
         161         154
         162         161
         163         154
         163         156
         163         162
         164         154
         165         161
         165         164
         166         160
         166         164
         167         162
         167         165
         168         165
         168         166
         169         168
         170         165
         170         169
         171         167
         171         170
         172         156
         172         162
         173         172
         174         156
         174         173
         175         133
         175         174
         176          34
         176         175
         177         174
         177         176
         178         173
         178         177
         179         176
         179         178
         180          34
         180         179
         181          32
         181         133
         181         176
         182         162
         182         171
         182         173
         183         171
         183         173
         184         178
         184         183
         185         178
         186         185
         187         178
         187         180
         187         186
         188          35
         189         188
         190          35
         190          37
         190         189
         191          35
         191         180
         192         188
         192         191
         193         180
         193         186
         193         192
         194         186
         194         192
         195         189
         195         192
         196         195
         197         196
         198         195
         198         197
         199          37
         199         189
         199         198
         200         192
         201         195
         201         200
         202         196
         202         201
         203         197
         203         199
         204         203
         205         199
         205         204
         206          37
         206          54
         206         205
         207          68
         207          82
         208          64
         208          68
         209          91
         209         207
         209         208
         210          64
         210         209
         211         210
         212         209
         212         211
         213          88
         213          91
         214         209
         215          91
         215         214
         216         213
         216         215
         217          59
         217          63
         218          46
         219          59
         219         218
         220         217
         220         219
         221         218
         221         220
         222         221
         223         220
         223         222
         224          63
         224         220
         225         211
         225         224
         226          64
         226         211
         226         224
         227         220
         228         224
         228         227
         229         225
         229         228
         230         212
         231         211
         231         229
         231         230
         232         229
         232         230
         233         230
         234         232
         234         233
         235         214
         235         233
         236         209
         236         230
         236         235
         237         229
         238         237
         239         229
         239         234
         239         238
         240         227
         240         229
         241         237
         241         240
         242         234
         242         238
         243         242
         244         234
         244         243
         245         233
         245         244
         246         237
         247         246
         248         237
         248         247
         249         238
         249         243
         249         248
         250         241
         250         246
         251         247
         251         249
         252         251
         253         249
         253         252
         254         243
         254         253
         255         243
         256         255
         257         243
         257         245
         257         256
         258         215
         258         235
         259         233
         260         235
         260         259
         261         216
         261         258
         261         260
         262         259
         262         261
         263         262
         264         261
         264         263
         265          88
         265          93
         265         216
         266         261
         267          93
         267         216
         267         266
         268         266
         269         268
         270          93
         270         266
         270         269
         271         264
         271         266
         272         268
         272         271
         273         264
         273         272
         274         273
         275         272
         275         274
         276         269
         276         272
         277         276
         278         277
         279         276
         279         278
         280          93
         280         269
         280         279
         281         272
         282         276
         282         281
         283         277
         283         282
         284         278
         284         280
         285         284
         286         280
         286         285
         287          93
         287          95
         287         286
         288         259
         288         263
         289         245
         289         259
         290         288
         290         289
         291         245
         291         256
         291         290
         292         256
         292         290
         293         263
         293         290
         294         274
         294         293
         295         264
         295         274
         295         293
         296         290
         297         293
         297         296
         298         294
         298         297
         299         275
         300         274
         300         298
         300         299
         301         298
         301         299
         302         299
         303         301
         303         302
         304         281
         304         302
         305         272
         305         299
         305         304
         306          95
         306         286
         307         285
         307         306
         308          95
         308          96
         308         307
         309         278
         309         285
         310         309
         311         285
         311         310
         312         307
         312         311
         313         307
         314         313
         315          96
         315         307
         315         314
         316         307
         317         313
         317         316
         318         312
         318         316
         319         314
         319         317
         320         317
         320         318
         321         320
         322         317
         322         321
         323         319
         323         322
         324          96
         324         139
         324         314
         325         139
         325         314
         325         323
         326         139
         326         143
         326         323
         327         227
         327         241
         328         223
         328         227
         329         250
         329         327
         329         328
         330         223
         330         329
         331         330
         332         329
         332         331
         333         247
         333         250
         334         329
         335         250
         335         334
         336         333
         336         335
         337         218
         337         222
         338          47
         338         218
         339         337
         339         338
         340          47
         340          56
         340         339
         341          56
         341         339
         342         222
         342         339
         343         331
         343         342
         344         223
         344         331
         344         342
         345         339
         346         342
         346         345
         347         343
         347         346
         348         332
         349         331
         349         347
         349         348
         350         347
         350         348
         351         348
         352         350
         352         351
         353         334
         353         351
         354         329
         354         348
         354         353
         355         347
         356         355
         357         347
         357         352
         357         356
         358         345
         358         347
         359         355
         359         358
         360         352
         360         356
         361         360
         362         352
         362         361
         363         351
         363         362
         364         355
         365         364
         366         355
         366         365
         367         356
         367         361
         367         366
         368         359
         368         364
         369         365
         369         367
         370         369
         371         367
         371         370
         372         361
         372         371
         373         361
         374         373
         375         361
         375         363
         375         374
         376         335
         376         353
         377         351
         378         353
         378         377
         379         336
         379         376
         379         378
         380         377
         380         379
         381         380
         382         379
         382         381
         383         247
         383         252
         383         336
         384         379
         385         252
         385         336
         385         384
         386         384
         387         386
         388         252
         388         384
         388         387
         389         382
         389         384
         390         386
         390         389
         391         382
         391         390
         392         391
         393         390
         393         392
         394         387
         394         390
         395         394
         396         395
         397         394
         397         396
         398         252
         398         387
         398         397
         399         390
         400         394
         400         399
         401         395
         401         400
         402         396
         402         398
         403         402
         404         398
         404         403
         405         252
         405         254
         405         404
         406         377
         406         381
         407         363
         407         377
         408         406
         408         407
         409         363
         409         374
         409         408
         410         374
         410         408
         411         381
         411         408
         412         392
         412         411
         413         382
         413         392
         413         411
         414         408
         415         411
         415         414
         416         412
         416         415
         417         393
         418         392
         418         416
         418         417
         419         416
         419         417
         420         417
         421         419
         421         420
         422         399
         422         420
         423         390
         423         417
         423         422
         424         254
         424         404
         425         403
         425         424
         426         254
         426         255
         426         425
         427         396
         427         403
         428         427
         429         403
         429         428
         430         425
         430         429
         431         425
         432         431
         433         255
         433         425
         433         432
         434         425
         435         431
         435         434
         436         430
         436         434
         437         432
         437         435
         438         435
         438         436
         439         438
         440         435
         440         439
         441         437
         441         440
         442         255
         442         292
         442         432
         443         292
         443         432
         443         441
         444         292
         444         296
         444         441
         445         345
         445         359
         446         341
         446         345
         447         368
         447         445
         447         446
         448         341
         448         447
         449         448
         450         447
         450         449
         451         365
         451         368
         452         447
         453         368
         453         452
         454         451
         454         453
         455          55
         455         449
         456          55
         456         341
         456         449
         457          54
         457          55
         458         204
         458         455
         458         457
         459         450
         460         449
         460         458
         460         459
         461         458
         461         459
         462         459
         463         461
         463         462
         464         452
         464         462
         465         447
         465         459
         465         464
         466         204
         467         458
         467         463
         467         466
         468          54
         468         205
         468         458
         469         463
         469         466
         470         469
         471         463
         471         470
         472         462
         472         471
         473         197
         473         204
         474         466
         474         470
         474         473
         475         197
         475         202
         475         474
         476         202
         476         474
         477         470
         477         476
         478         470
         479         478
         480         470
         480         472
         480         479
         481         453
         481         464
         482         462
         483         464
         483         482
         484         454
         484         481
         484         483
         485         482
         485         484
         486         485
         487         484
         487         486
         488         365
         488         370
         488         454
         489         484
         490         370
         490         454
         490         489
         491         489
         492         491
         493         370
         493         489
         493         492
         494         487
         494         489
         495         491
         495         494
         496         487
         496         495
         497         496
         498         495
         498         497
         499         492
         499         495
         500         499
         501         500
         502         499
         502         501
         503         370
         503         492
         503         502
         504         495
         505         499
         505         504
         506         500
         506         505
         507         501
         507         503
         508         507
         509         503
         509         508
         510         370
         510         372
         510         509
         511         482
         511         486
         512         472
         512         482
         513         511
         513         512
         514         472
         514         479
         514         513
         515         479
         515         513
         516         486
         516         513
         517         497
         517         516
         518         487
         518         497
         518         516
         519         513
         520         516
         520         519
         521         517
         521         520
         522         498
         523         497
         523         521
         523         522
         524         521
         524         522
         525         522
         526         524
         526         525
         527         504
         527         525
         528         495
         528         522
         528         527
         529         372
         529         509
         530         508
         530         529
         531         372
         531         373
         531         530
         532         501
         532         508
         533         532
         534         508
         534         533
         535         530
         535         534
         536         530
         537         536
         538         373
         538         530
         538         537
         539         530
         540         536
         540         539
         541         535
         541         539
         542         537
         542         540
         543         540
         543         541
         544         543
         545         540
         545         544
         546         542
         546         545
         547         373
         547         410
         547         537
         548         410
         548         537
         548         546
         549         410
         549         414
         549         546
         550         200
         551         550
         552         200
         552         202
         552         551
         553         194
         553         200
         554         550
         554         553
         555         194
         555         554
         556         555
         557         554
         557         556
         558         551
         558         554
         559         558
         560         559
         561         558
         561         560
         562         202
         562         551
         562         561
         563         554
         564         558
         564         563
         565         559
         565         564
         566         560
         566         562
         567         566
         568         562
         568         567
         569         202
         569         477
         569         568
         570         185
         570         556
         571         185
         571         194
         571         556
         572         184
         572         185
         573         570
         573         572
         574         557
         575         556
         575         573
         575         574
         576         573
         576         574
         577         574
         578         576
         578         577
         579         563
         579         577
         580         554
         580         574
         580         579
         581         477
         581         568
         582         567
         582         581
         583         477
         583         478
         583         582
         584         560
         584         567
         585         584
         586         567
         586         585
         587         582
         587         586
         588         582
         589         588
         590         478
         590         582
         590         589
         591         582
         592         588
         592         591
         593         587
         593         591
         594         589
         594         592
         595         592
         595         593
         596         595
         597         592
         597         596
         598         594
         598         597
         599         478
         599         515
         599         589
         600         515
         600         589
         600         598
         601         515
         601         519
         601         598
