1  
2  3  4  5  6  
7  8  9  10  11  
22  24  26  28  30  
23  25  27  29  31  
42  43  44  45  46  
47  48  49  50  51  
72  73  74  75  76  
107  108  109  110  111  
132  134  136  138  140  
133  135  137  139  141  
182  184  186  188  190  
183  185  187  189  191  
272  274  276  278  280  
273  275  277  279  281  
332  334  336  338  340  
333  335  337  339  341  
412  413  414  415  416  
467  468  469  470  471  
554  558  562  566  570  
552  556  560  564  568  
633  635  637  639  641  
632  634  636  638  640  
722  723  724  725  726  
797  798  799  800  801  
893  895  897  899  901  
892  894  896  898  900  
1025  1031  1037  1043  1049  
1022  1028  1034  1040  1046  
1222  1224  1226  1228  1230  
1223  1225  1227  1229  1231  
1382  1384  1386  1388  1390  
1383  1385  1387  1389  1391  
1462  1465  1468  1471  1474  
1637  1638  1639  1640  1641  
1743  1745  1747  1749  1751  
1742  1744  1746  1748  1750  
1892  1894  1896  1898  1900  
1893  1895  1897  1899  1901  
2193  2195  2197  2199  2201  
2192  2194  2196  2198  2200  
2363  2365  2367  2369  2371  
2362  2364  2366  2368  2370  
2564  2567  2570  2573  2576  
2698  2701  2704  2707  2710  
2903  2905  2907  2909  2911  
2902  2904  2906  2908  2910  
3052  3053  3054  3055  3056  
3107  3108  3109  3110  3111  
3262  3263  3264  3265  3266  
3587  3588  3589  3590  3591  
12  13  14  15  16  17  18  19  20  21  
32  33  34  35  36  37  38  39  40  41  
53  54  57  58  61  62  65  66  69  70  
52  55  56  59  60  63  64  67  68  71  
77  78  79  80  81  82  83  84  85  86  
87  88  89  90  91  92  93  94  95  96  
97  98  99  100  101  102  103  104  105  106  
113  114  117  118  121  122  125  126  129  130  
112  115  116  119  120  123  124  127  128  131  
142  143  144  145  146  147  148  149  150  151  
152  153  154  155  156  157  158  159  160  161  
163  164  167  168  171  172  175  176  179  180  
162  165  166  169  170  173  174  177  178  181  
192  193  194  195  196  197  198  199  200  201  
203  204  207  208  211  212  215  216  219  220  
202  205  206  209  210  213  214  217  218  221  
223  224  227  228  231  232  235  236  239  240  
222  225  226  229  230  233  234  237  238  241  
242  243  244  245  246  247  248  249  250  251  
252  253  254  255  256  257  258  259  260  261  
262  263  264  265  266  267  268  269  270  271  
283  284  287  288  291  292  295  296  299  300  
282  285  286  289  290  293  294  297  298  301  
302  303  304  305  306  307  308  309  310  311  
312  313  314  315  316  317  318  319  320  321  
322  323  324  325  326  327  328  329  330  331  
342  343  344  345  346  347  348  349  350  351  
353  354  357  358  361  362  365  366  369  370  
352  355  356  359  360  363  364  367  368  371  
373  374  377  378  381  382  385  386  389  390  
372  375  376  379  380  383  384  387  388  391  
392  393  394  395  396  397  398  399  400  401  
402  403  404  405  406  407  408  409  410  411  
418  419  422  423  426  427  430  431  434  435  
417  420  421  424  425  428  429  432  433  436  
438  439  442  443  446  447  450  451  454  455  
437  440  441  444  445  448  449  452  453  456  
457  458  459  460  461  462  463  464  465  466  
472  473  474  475  476  477  478  479  480  481  
482  483  484  485  486  487  488  489  490  491  
492  493  494  495  496  497  498  499  500  501  
502  503  504  505  506  507  508  509  510  511  
513  514  517  518  521  522  525  526  529  530  
512  515  516  519  520  523  524  527  528  531  
533  534  537  538  541  542  545  546  549  550  
532  535  536  539  540  543  544  547  548  551  
553  555  557  559  561  563  565  567  569  571  
572  573  574  575  576  577  578  579  580  581  
583  584  587  588  591  592  595  596  599  600  
582  585  586  589  590  593  594  597  598  601  
602  603  604  605  606  607  608  609  610  611  
613  614  617  618  621  622  625  626  629  630  
612  615  616  619  620  623  624  627  628  631  
642  643  644  645  646  647  648  649  650  651  
652  653  654  655  656  657  658  659  660  661  
662  663  664  665  666  667  668  669  670  671  
673  674  677  678  681  682  685  686  689  690  
672  675  676  679  680  683  684  687  688  691  
692  693  694  695  696  697  698  699  700  701  
702  703  704  705  706  707  708  709  710  711  
712  713  714  715  716  717  718  719  720  721  
728  729  732  733  736  737  740  741  744  745  
727  730  731  734  735  738  739  742  743  746  
747  748  749  750  751  752  753  754  755  756  
758  759  762  763  766  767  770  771  774  775  
757  760  761  764  765  768  769  772  773  776  
778  779  782  783  786  787  790  791  794  795  
777  780  781  784  785  788  789  792  793  796  
802  803  804  805  806  807  808  809  810  811  
812  813  814  815  816  817  818  819  820  821  
823  824  827  828  831  832  835  836  839  840  
822  825  826  829  830  833  834  837  838  841  
843  844  847  848  851  852  855  856  859  860  
842  845  846  849  850  853  854  857  858  861  
862  863  864  865  866  867  868  869  870  871  
873  874  877  878  881  882  885  886  889  890  
872  875  876  879  880  883  884  887  888  891  
903  904  907  908  911  912  915  916  919  920  
902  905  906  909  910  913  914  917  918  921  
923  924  927  928  931  932  935  936  939  940  
922  925  926  929  930  933  934  937  938  941  
943  944  947  948  951  952  955  956  959  960  
942  945  946  949  950  953  954  957  958  961  
962  963  964  965  966  967  968  969  970  971  
972  973  974  975  976  977  978  979  980  981  
982  983  984  985  986  987  988  989  990  991  
993  994  997  998  1001  1002  1005  1006  1009  1010  
992  995  996  999  1000  1003  1004  1007  1008  1011  
1012  1013  1014  1015  1016  1017  1018  1019  1020  1021  
1024  1026  1030  1032  1036  1038  1042  1044  1048  1050  
1023  1027  1029  1033  1035  1039  1041  1045  1047  1051  
1052  1053  1054  1055  1056  1057  1058  1059  1060  1061  
1062  1063  1064  1065  1066  1067  1068  1069  1070  1071  
1072  1073  1074  1075  1076  1077  1078  1079  1080  1081  
1082  1083  1084  1085  1086  1087  1088  1089  1090  1091  
1092  1093  1094  1095  1096  1097  1098  1099  1100  1101  
1103  1104  1107  1108  1111  1112  1115  1116  1119  1120  
1102  1105  1106  1109  1110  1113  1114  1117  1118  1121  
1122  1123  1124  1125  1126  1127  1128  1129  1130  1131  
1133  1134  1137  1138  1141  1142  1145  1146  1149  1150  
1132  1135  1136  1139  1140  1143  1144  1147  1148  1151  
1152  1153  1154  1155  1156  1157  1158  1159  1160  1161  
1163  1164  1167  1168  1171  1172  1175  1176  1179  1180  
1162  1165  1166  1169  1170  1173  1174  1177  1178  1181  
1183  1184  1187  1188  1191  1192  1195  1196  1199  1200  
1182  1185  1186  1189  1190  1193  1194  1197  1198  1201  
1202  1203  1204  1205  1206  1207  1208  1209  1210  1211  
1212  1213  1214  1215  1216  1217  1218  1219  1220  1221  
1232  1233  1234  1235  1236  1237  1238  1239  1240  1241  
1243  1244  1247  1248  1251  1252  1255  1256  1259  1260  
1242  1245  1246  1249  1250  1253  1254  1257  1258  1261  
1262  1263  1264  1265  1266  1267  1268  1269  1270  1271  
1273  1274  1277  1278  1281  1282  1285  1286  1289  1290  
1272  1275  1276  1279  1280  1283  1284  1287  1288  1291  
1293  1294  1297  1298  1301  1302  1305  1306  1309  1310  
1292  1295  1296  1299  1300  1303  1304  1307  1308  1311  
1312  1313  1314  1315  1316  1317  1318  1319  1320  1321  
1322  1323  1324  1325  1326  1327  1328  1329  1330  1331  
1333  1334  1337  1338  1341  1342  1345  1346  1349  1350  
1332  1335  1336  1339  1340  1343  1344  1347  1348  1351  
1353  1354  1357  1358  1361  1362  1365  1366  1369  1370  
1352  1355  1356  1359  1360  1363  1364  1367  1368  1371  
1372  1373  1374  1375  1376  1377  1378  1379  1380  1381  
1392  1393  1394  1395  1396  1397  1398  1399  1400  1401  
1404  1405  1410  1411  1416  1417  1422  1423  1428  1429  
1403  1406  1409  1412  1415  1418  1421  1424  1427  1430  
1402  1407  1408  1413  1414  1419  1420  1425  1426  1431  
1433  1434  1437  1438  1441  1442  1445  1446  1449  1450  
1432  1435  1436  1439  1440  1443  1444  1447  1448  1451  
1452  1453  1454  1455  1456  1457  1458  1459  1460  1461  
1463  1464  1466  1467  1469  1470  1472  1473  1475  1476  
1478  1479  1482  1483  1486  1487  1490  1491  1494  1495  
1477  1480  1481  1484  1485  1488  1489  1492  1493  1496  
1498  1499  1502  1503  1506  1507  1510  1511  1514  1515  
1497  1500  1501  1504  1505  1508  1509  1512  1513  1516  
1517  1518  1519  1520  1521  1522  1523  1524  1525  1526  
1528  1529  1532  1533  1536  1537  1540  1541  1544  1545  
1527  1530  1531  1534  1535  1538  1539  1542  1543  1546  
1548  1549  1552  1553  1556  1557  1560  1561  1564  1565  
1547  1550  1551  1554  1555  1558  1559  1562  1563  1566  
1567  1568  1569  1570  1571  1572  1573  1574  1575  1576  
1577  1578  1579  1580  1581  1582  1583  1584  1585  1586  
1588  1589  1592  1593  1596  1597  1600  1601  1604  1605  
1587  1590  1591  1594  1595  1598  1599  1602  1603  1606  
1607  1608  1609  1610  1611  1612  1613  1614  1615  1616  
1618  1619  1622  1623  1626  1627  1630  1631  1634  1635  
1617  1620  1621  1624  1625  1628  1629  1632  1633  1636  
1643  1644  1647  1648  1651  1652  1655  1656  1659  1660  
1642  1645  1646  1649  1650  1653  1654  1657  1658  1661  
1662  1663  1664  1665  1666  1667  1668  1669  1670  1671  
1673  1674  1677  1678  1681  1682  1685  1686  1689  1690  
1672  1675  1676  1679  1680  1683  1684  1687  1688  1691  
1692  1693  1694  1695  1696  1697  1698  1699  1700  1701  
1702  1703  1704  1705  1706  1707  1708  1709  1710  1711  
1713  1714  1717  1718  1721  1722  1725  1726  1729  1730  
1712  1715  1716  1719  1720  1723  1724  1727  1728  1731  
1732  1733  1734  1735  1736  1737  1738  1739  1740  1741  
1753  1754  1757  1758  1761  1762  1765  1766  1769  1770  
1752  1755  1756  1759  1760  1763  1764  1767  1768  1771  
1772  1773  1774  1775  1776  1777  1778  1779  1780  1781  
1782  1783  1784  1785  1786  1787  1788  1789  1790  1791  
1792  1793  1794  1795  1796  1797  1798  1799  1800  1801  
1802  1803  1804  1805  1806  1807  1808  1809  1810  1811  
1812  1813  1814  1815  1816  1817  1818  1819  1820  1821  
1823  1824  1827  1828  1831  1832  1835  1836  1839  1840  
1822  1825  1826  1829  1830  1833  1834  1837  1838  1841  
1843  1844  1847  1848  1851  1852  1855  1856  1859  1860  
1842  1845  1846  1849  1850  1853  1854  1857  1858  1861  
1862  1863  1864  1865  1866  1867  1868  1869  1870  1871  
1872  1873  1874  1875  1876  1877  1878  1879  1880  1881  
1882  1883  1884  1885  1886  1887  1888  1889  1890  1891  
1903  1904  1907  1908  1911  1912  1915  1916  1919  1920  
1902  1905  1906  1909  1910  1913  1914  1917  1918  1921  
1922  1923  1924  1925  1926  1927  1928  1929  1930  1931  
1933  1934  1937  1938  1941  1942  1945  1946  1949  1950  
1932  1935  1936  1939  1940  1943  1944  1947  1948  1951  
1952  1953  1954  1955  1956  1957  1958  1959  1960  1961  
1963  1964  1967  1968  1971  1972  1975  1976  1979  1980  
1962  1965  1966  1969  1970  1973  1974  1977  1978  1981  
1985  1986  1993  1994  2001  2002  2009  2010  2017  2018  
1984  1987  1992  1995  2000  2003  2008  2011  2016  2019  
1983  1988  1991  1996  1999  2004  2007  2012  2015  2020  
1982  1989  1990  1997  1998  2005  2006  2013  2014  2021  
2023  2024  2027  2028  2031  2032  2035  2036  2039  2040  
2022  2025  2026  2029  2030  2033  2034  2037  2038  2041  
2044  2045  2050  2051  2056  2057  2062  2063  2068  2069  
2043  2046  2049  2052  2055  2058  2061  2064  2067  2070  
2042  2047  2048  2053  2054  2059  2060  2065  2066  2071  
2073  2074  2077  2078  2081  2082  2085  2086  2089  2090  
2072  2075  2076  2079  2080  2083  2084  2087  2088  2091  
2092  2093  2094  2095  2096  2097  2098  2099  2100  2101  
2102  2103  2104  2105  2106  2107  2108  2109  2110  2111  
2112  2113  2114  2115  2116  2117  2118  2119  2120  2121  
2122  2123  2124  2125  2126  2127  2128  2129  2130  2131  
2132  2133  2134  2135  2136  2137  2138  2139  2140  2141  
2143  2144  2147  2148  2151  2152  2155  2156  2159  2160  
2142  2145  2146  2149  2150  2153  2154  2157  2158  2161  
2163  2164  2167  2168  2171  2172  2175  2176  2179  2180  
2162  2165  2166  2169  2170  2173  2174  2177  2178  2181  
2182  2183  2184  2185  2186  2187  2188  2189  2190  2191  
2202  2203  2204  2205  2206  2207  2208  2209  2210  2211  
2213  2214  2217  2218  2221  2222  2225  2226  2229  2230  
2212  2215  2216  2219  2220  2223  2224  2227  2228  2231  
2233  2234  2237  2238  2241  2242  2245  2246  2249  2250  
2232  2235  2236  2239  2240  2243  2244  2247  2248  2251  
2252  2253  2254  2255  2256  2257  2258  2259  2260  2261  
2262  2263  2264  2265  2266  2267  2268  2269  2270  2271  
2273  2274  2277  2278  2281  2282  2285  2286  2289  2290  
2272  2275  2276  2279  2280  2283  2284  2287  2288  2291  
2292  2293  2294  2295  2296  2297  2298  2299  2300  2301  
2302  2303  2304  2305  2306  2307  2308  2309  2310  2311  
2312  2313  2314  2315  2316  2317  2318  2319  2320  2321  
2322  2323  2324  2325  2326  2327  2328  2329  2330  2331  
2332  2333  2334  2335  2336  2337  2338  2339  2340  2341  
2343  2344  2347  2348  2351  2352  2355  2356  2359  2360  
2342  2345  2346  2349  2350  2353  2354  2357  2358  2361  
2372  2373  2374  2375  2376  2377  2378  2379  2380  2381  
2383  2384  2387  2388  2391  2392  2395  2396  2399  2400  
2382  2385  2386  2389  2390  2393  2394  2397  2398  2401  
2403  2404  2407  2408  2411  2412  2415  2416  2419  2420  
2402  2405  2406  2409  2410  2413  2414  2417  2418  2421  
2424  2425  2430  2431  2436  2437  2442  2443  2448  2449  
2423  2426  2429  2432  2435  2438  2441  2444  2447  2450  
2422  2427  2428  2433  2434  2439  2440  2445  2446  2451  
2452  2453  2454  2455  2456  2457  2458  2459  2460  2461  
2462  2463  2464  2465  2466  2467  2468  2469  2470  2471  
2473  2474  2477  2478  2481  2482  2485  2486  2489  2490  
2472  2475  2476  2479  2480  2483  2484  2487  2488  2491  
2492  2493  2494  2495  2496  2497  2498  2499  2500  2501  
2503  2504  2507  2508  2511  2512  2515  2516  2519  2520  
2502  2505  2506  2509  2510  2513  2514  2517  2518  2521  
2522  2523  2524  2525  2526  2527  2528  2529  2530  2531  
2532  2533  2534  2535  2536  2537  2538  2539  2540  2541  
2543  2544  2547  2548  2551  2552  2555  2556  2559  2560  
2542  2545  2546  2549  2550  2553  2554  2557  2558  2561  
2562  2563  2565  2566  2568  2569  2571  2572  2574  2575  
2578  2579  2582  2583  2586  2587  2590  2591  2594  2595  
2577  2580  2581  2584  2585  2588  2589  2592  2593  2596  
2597  2598  2599  2600  2601  2602  2603  2604  2605  2606  
2607  2608  2609  2610  2611  2612  2613  2614  2615  2616  
2617  2618  2619  2620  2621  2622  2623  2624  2625  2626  
2628  2629  2632  2633  2636  2637  2640  2641  2644  2645  
2627  2630  2631  2634  2635  2638  2639  2642  2643  2646  
2648  2649  2652  2653  2656  2657  2660  2661  2664  2665  
2647  2650  2651  2654  2655  2658  2659  2662  2663  2666  
2668  2669  2672  2673  2676  2677  2680  2681  2684  2685  
2667  2670  2671  2674  2675  2678  2679  2682  2683  2686  
2687  2688  2689  2690  2691  2692  2693  2694  2695  2696  
2697  2699  2700  2702  2703  2705  2706  2708  2709  2711  
2713  2714  2717  2718  2721  2722  2725  2726  2729  2730  
2712  2715  2716  2719  2720  2723  2724  2727  2728  2731  
2733  2734  2737  2738  2741  2742  2745  2746  2749  2750  
2732  2735  2736  2739  2740  2743  2744  2747  2748  2751  
2755  2756  2763  2764  2771  2772  2779  2780  2787  2788  
2754  2757  2762  2765  2770  2773  2778  2781  2786  2789  
2753  2758  2761  2766  2769  2774  2777  2782  2785  2790  
2752  2759  2760  2767  2768  2775  2776  2783  2784  2791  
2792  2793  2794  2795  2796  2797  2798  2799  2800  2801  
2803  2804  2807  2808  2811  2812  2815  2816  2819  2820  
2802  2805  2806  2809  2810  2813  2814  2817  2818  2821  
2823  2824  2827  2828  2831  2832  2835  2836  2839  2840  
2822  2825  2826  2829  2830  2833  2834  2837  2838  2841  
2843  2844  2847  2848  2851  2852  2855  2856  2859  2860  
2842  2845  2846  2849  2850  2853  2854  2857  2858  2861  
2863  2864  2867  2868  2871  2872  2875  2876  2879  2880  
2862  2865  2866  2869  2870  2873  2874  2877  2878  2881  
2882  2883  2884  2885  2886  2887  2888  2889  2890  2891  
2892  2893  2894  2895  2896  2897  2898  2899  2900  2901  
2912  2913  2914  2915  2916  2917  2918  2919  2920  2921  
2922  2923  2924  2925  2926  2927  2928  2929  2930  2931  
2932  2933  2934  2935  2936  2937  2938  2939  2940  2941  
2943  2944  2947  2948  2951  2952  2955  2956  2959  2960  
2942  2945  2946  2949  2950  2953  2954  2957  2958  2961  
2963  2964  2967  2968  2971  2972  2975  2976  2979  2980  
2962  2965  2966  2969  2970  2973  2974  2977  2978  2981  
2983  2984  2987  2988  2991  2992  2995  2996  2999  3000  
2982  2985  2986  2989  2990  2993  2994  2997  2998  3001  
3002  3003  3004  3005  3006  3007  3008  3009  3010  3011  
3013  3014  3017  3018  3021  3022  3025  3026  3029  3030  
3012  3015  3016  3019  3020  3023  3024  3027  3028  3031  
3033  3034  3037  3038  3041  3042  3045  3046  3049  3050  
3032  3035  3036  3039  3040  3043  3044  3047  3048  3051  
3058  3059  3062  3063  3066  3067  3070  3071  3074  3075  
3057  3060  3061  3064  3065  3068  3069  3072  3073  3076  
3077  3078  3079  3080  3081  3082  3083  3084  3085  3086  
3088  3089  3092  3093  3096  3097  3100  3101  3104  3105  
3087  3090  3091  3094  3095  3098  3099  3102  3103  3106  
3112  3113  3114  3115  3116  3117  3118  3119  3120  3121  
3125  3126  3133  3134  3141  3142  3149  3150  3157  3158  
3124  3127  3132  3135  3140  3143  3148  3151  3156  3159  
3123  3128  3131  3136  3139  3144  3147  3152  3155  3160  
3122  3129  3130  3137  3138  3145  3146  3153  3154  3161  
3163  3164  3167  3168  3171  3172  3175  3176  3179  3180  
3162  3165  3166  3169  3170  3173  3174  3177  3178  3181  
3184  3185  3190  3191  3196  3197  3202  3203  3208  3209  
3183  3186  3189  3192  3195  3198  3201  3204  3207  3210  
3182  3187  3188  3193  3194  3199  3200  3205  3206  3211  
3212  3213  3214  3215  3216  3217  3218  3219  3220  3221  
3222  3223  3224  3225  3226  3227  3228  3229  3230  3231  
3232  3233  3234  3235  3236  3237  3238  3239  3240  3241  
3243  3244  3247  3248  3251  3252  3255  3256  3259  3260  
3242  3245  3246  3249  3250  3253  3254  3257  3258  3261  
3267  3268  3269  3270  3271  3272  3273  3274  3275  3276  
3277  3278  3279  3280  3281  3282  3283  3284  3285  3286  
3288  3289  3292  3293  3296  3297  3300  3301  3304  3305  
3287  3290  3291  3294  3295  3298  3299  3302  3303  3306  
3308  3309  3312  3313  3316  3317  3320  3321  3324  3325  
3307  3310  3311  3314  3315  3318  3319  3322  3323  3326  
3328  3329  3332  3333  3336  3337  3340  3341  3344  3345  
3327  3330  3331  3334  3335  3338  3339  3342  3343  3346  
3347  3348  3349  3350  3351  3352  3353  3354  3355  3356  
3358  3359  3362  3363  3366  3367  3370  3371  3374  3375  
3357  3360  3361  3364  3365  3368  3369  3372  3373  3376  
3377  3378  3379  3380  3381  3382  3383  3384  3385  3386  
3388  3389  3392  3393  3396  3397  3400  3401  3404  3405  
3387  3390  3391  3394  3395  3398  3399  3402  3403  3406  
3408  3409  3412  3413  3416  3417  3420  3421  3424  3425  
3407  3410  3411  3414  3415  3418  3419  3422  3423  3426  
3427  3428  3429  3430  3431  3432  3433  3434  3435  3436  
3438  3439  3442  3443  3446  3447  3450  3451  3454  3455  
3437  3440  3441  3444  3445  3448  3449  3452  3453  3456  
3458  3459  3462  3463  3466  3467  3470  3471  3474  3475  
3457  3460  3461  3464  3465  3468  3469  3472  3473  3476  
3478  3479  3482  3483  3486  3487  3490  3491  3494  3495  
3477  3480  3481  3484  3485  3488  3489  3492  3493  3496  
3497  3498  3499  3500  3501  3502  3503  3504  3505  3506  
3507  3508  3509  3510  3511  3512  3513  3514  3515  3516  
3518  3519  3522  3523  3526  3527  3530  3531  3534  3535  
3517  3520  3521  3524  3525  3528  3529  3532  3533  3536  
3539  3540  3545  3546  3551  3552  3557  3558  3563  3564  
3538  3541  3544  3547  3550  3553  3556  3559  3562  3565  
3537  3542  3543  3548  3549  3554  3555  3560  3561  3566  
3568  3569  3572  3573  3576  3577  3580  3581  3584  3585  
3567  3570  3571  3574  3575  3578  3579  3582  3583  3586  
3593  3594  3597  3598  3601  3602  3605  3606  3609  3610  
3592  3595  3596  3599  3600  3603  3604  3607  3608  3611  
3613  3614  3617  3618  3621  3622  3625  3626  3629  3630  
3612  3615  3616  3619  3620  3623  3624  3627  3628  3631  
3633  3634  3637  3638  3641  3642  3645  3646  3649  3650  
3632  3635  3636  3639  3640  3643  3644  3647  3648  3651  
3652  3653  3654  3655  3656  3657  3658  3659  3660  3661  
3662  3663  3664  3665  3666  3667  3668  3669  3670  3671  
3674  3675  3680  3681  3686  3687  3692  3693  3698  3699  
3673  3676  3679  3682  3685  3688  3691  3694  3697  3700  
3672  3677  3678  3683  3684  3689  3690  3695  3696  3701  
3702  3703  3704  3705  3706  3707  3708  3709  3710  3711  
3713  3714  3717  3718  3721  3722  3725  3726  3729  3730  
3712  3715  3716  3719  3720  3723  3724  3727  3728  3731  
3732  3733  3734  3735  3736  3737  3738  3739  3740  3741  
3742  3743  3744  3745  3746  3747  3748  3749  3750  3751  
3753  3754  3757  3758  3761  3762  3765  3766  3769  3770  
3752  3755  3756  3759  3760  3763  3764  3767  3768  3771  
3773  3774  3777  3778  3781  3782  3785  3786  3789  3790  
3772  3775  3776  3779  3780  3783  3784  3787  3788  3791  
3793  3794  3797  3798  3801  3802  3805  3806  3809  3810  
3792  3795  3796  3799  3800  3803  3804  3807  3808  3811  
3812  3813  3814  3815  3816  3817  3818  3819  3820  3821  
3822  3823  3824  3825  3826  3827  3828  3829  3830  3831  
3832  3833  3834  3835  3836  3837  3838  3839  3840  3841  
3842  3843  3844  3845  3846  3847  3848  3849  3850  3851  
3853  3854  3857  3858  3861  3862  3865  3866  3869  3870  
3852  3855  3856  3859  3860  3863  3864  3867  3868  3871  
3872  3873  3874  3875  3876  3877  3878  3879  3880  3881  
3882  3883  3884  3885  3886  3887  3888  3889  3890  3891  
3892  3893  3894  3895  3896  3897  3898  3899  3900  3901  
3902  3903  3904  3905  3906  3907  3908  3909  3910  3911  
3912  3913  3914  3915  3916  3917  3918  3919  3920  3921  
3922  3923  3924  3925  3926  3927  3928  3929  3930  3931  
3933  3934  3937  3938  3941  3942  3945  3946  3949  3950  
3932  3935  3936  3939  3940  3943  3944  3947  3948  3951  
3953  3954  3957  3958  3961  3962  3965  3966  3969  3970  
3952  3955  3956  3959  3960  3963  3964  3967  3968  3971  
3972  3973  3974  3975  3976  3977  3978  3979  3980  3981  
3982  3983  3984  3985  3986  3987  3988  3989  3990  3991  
3992  3993  3994  3995  3996  3997  3998  3999  4000  4001  
4002  4003  4004  4005  4006  4007  4008  4009  4010  4011  
4012  4013  4014  4015  4016  4017  4018  4019  4020  4021  
4023  4024  4027  4028  4031  4032  4035  4036  4039  4040  
4022  4025  4026  4029  4030  4033  4034  4037  4038  4041  
4042  4043  4044  4045  4046  4047  4048  4049  4050  4051  
4052  4053  4054  4055  4056  4057  4058  4059  4060  4061  
4063  4064  4067  4068  4071  4072  4075  4076  4079  4080  
4062  4065  4066  4069  4070  4073  4074  4077  4078  4081  
4082  4083  4084  4085  4086  4087  4088  4089  4090  4091  
4092  4093  4094  4095  4096  4097  4098  4099  4100  4101  
4102  4103  4104  4105  4106  4107  4108  4109  4110  4111  
4113  4114  4117  4118  4121  4122  4125  4126  4129  4130  
4112  4115  4116  4119  4120  4123  4124  4127  4128  4131  
4132  4133  4134  4135  4136  4137  4138  4139  4140  4141  
4142  4143  4144  4145  4146  4147  4148  4149  4150  4151  
4152  4153  4154  4155  4156  4157  4158  4159  4160  4161  
4162  4163  4164  4165  4166  4167  4168  4169  4170  4171  
4172  4173  4174  4175  4176  4177  4178  4179  4180  4181  
