1  2
1  3
1  4
1  5
1  6
2  7
2  11
2  12
2  21
3  7
3  8
3  13
3  14
4  8
4  9
4  15
4  16
5  9
5  10
5  17
5  18
6  10
6  11
6  19
6  20
7  22
8  24
9  26
10  28
11  30
12  22
12  31
13  22
13  23
14  23
14  24
15  24
15  25
16  25
16  26
17  26
17  27
18  27
18  28
19  28
19  29
20  29
20  30
21  30
21  31
22  32
22  33
22  47
23  33
23  34
24  34
24  35
24  48
25  35
25  36
26  36
26  37
26  49
27  37
27  38
28  38
28  39
28  50
29  39
29  40
30  40
30  41
30  51
31  32
31  41
32  46
32  52
32  53
33  42
33  54
33  55
34  42
34  56
34  57
35  43
35  58
35  59
36  43
36  60
36  61
37  44
37  62
37  63
38  44
38  64
38  65
39  45
39  66
39  67
40  45
40  68
40  69
41  46
41  70
41  71
42  72
43  73
44  74
45  75
46  76
47  53
47  54
47  77
47  78
48  57
48  58
48  79
48  80
49  61
49  62
49  81
49  82
50  65
50  66
50  83
50  84
51  69
51  70
51  85
51  86
52  76
52  87
53  87
54  88
55  72
55  88
56  72
56  89
57  89
58  90
59  73
59  90
60  73
60  91
61  91
62  92
63  74
63  92
64  74
64  93
65  93
66  94
67  75
67  94
68  75
68  95
69  95
70  96
71  76
71  96
72  98
72  99
73  100
73  101
74  102
74  103
75  104
75  105
76  97
76  106
77  87
77  107
78  88
78  107
79  89
79  108
80  90
80  108
81  91
81  109
82  92
82  109
83  93
83  110
84  94
84  110
85  95
85  111
86  96
86  111
87  97
87  112
87  113
87  142
88  98
88  114
88  115
88  143
89  99
89  116
89  117
89  144
90  100
90  118
90  119
90  145
91  101
91  120
91  121
91  146
92  102
92  122
92  123
92  147
93  103
93  124
93  125
93  148
94  104
94  126
94  127
94  149
95  105
95  128
95  129
95  150
96  106
96  130
96  131
96  151
97  141
98  133
99  133
100  135
101  135
102  137
103  137
104  139
105  139
106  141
107  113
107  114
108  117
108  118
109  121
109  122
110  125
110  126
111  129
111  130
112  141
112  162
113  132
113  152
113  163
114  132
114  153
114  164
115  133
115  165
116  133
116  166
117  134
117  154
117  167
118  134
118  155
118  168
119  135
119  169
120  135
120  170
121  136
121  156
121  171
122  136
122  157
122  172
123  137
123  173
124  137
124  174
125  138
125  158
125  175
126  138
126  159
126  176
127  139
127  177
128  139
128  178
129  140
129  160
129  179
130  140
130  161
130  180
131  141
131  181
132  182
133  183
134  184
135  185
136  186
137  187
138  188
139  189
140  190
141  191
142  152
142  162
143  153
143  165
144  154
144  166
145  155
145  169
146  156
146  170
147  157
147  173
148  158
148  174
149  159
149  177
150  160
150  178
151  161
151  181
152  192
152  203
153  193
153  204
154  194
154  207
155  195
155  208
156  196
156  211
157  197
157  212
158  198
158  215
159  199
159  216
160  200
160  219
161  201
161  220
162  191
162  192
162  202
163  182
163  203
164  182
164  204
165  183
165  193
165  205
166  183
166  194
166  206
167  184
167  207
168  184
168  208
169  185
169  195
169  209
170  185
170  196
170  210
171  186
171  211
172  186
172  212
173  187
173  197
173  213
174  187
174  198
174  214
175  188
175  215
176  188
176  216
177  189
177  199
177  217
178  189
178  200
178  218
179  190
179  219
180  190
180  220
181  191
181  201
181  221
182  223
182  224
183  225
183  226
184  227
184  228
185  229
185  230
186  231
186  232
187  233
187  234
188  235
188  236
189  237
189  238
190  239
190  240
191  222
191  241
192  242
193  243
194  244
195  245
196  246
197  247
198  248
199  249
200  250
201  251
202  222
202  242
203  223
203  242
203  262
204  224
204  243
204  263
205  225
205  243
206  226
206  244
207  227
207  244
207  264
208  228
208  245
208  265
209  229
209  245
210  230
210  246
211  231
211  246
211  266
212  232
212  247
212  267
213  233
213  247
214  234
214  248
215  235
215  248
215  268
216  236
216  249
216  269
217  237
217  249
218  238
218  250
219  239
219  250
219  270
220  240
220  251
220  271
221  241
221  251
222  252
222  281
222  282
223  272
224  272
225  253
225  273
225  285
226  254
226  273
226  286
227  274
228  274
229  255
229  275
229  289
230  256
230  275
230  290
231  276
232  276
233  257
233  277
233  293
234  258
234  277
234  294
235  278
236  278
237  259
237  279
237  297
238  260
238  279
238  298
239  280
240  280
241  261
241  281
241  301
242  252
242  283
242  312
243  253
243  284
243  313
244  254
244  287
244  314
245  255
245  288
245  315
246  256
246  291
246  316
247  257
247  292
247  317
248  258
248  295
248  318
249  259
249  296
249  319
250  260
250  299
250  320
251  261
251  300
251  321
252  322
253  323
254  324
255  325
256  326
257  327
258  328
259  329
260  330
261  331
262  272
262  283
263  272
263  284
264  274
264  287
265  274
265  288
266  276
266  291
267  276
267  292
268  278
268  295
269  278
269  296
270  280
270  299
271  280
271  300
272  302
272  303
272  332
273  333
274  304
274  305
274  334
275  335
276  306
276  307
276  336
277  337
278  308
278  309
278  338
279  339
280  310
280  311
280  340
281  341
282  322
282  341
283  302
283  342
283  353
284  303
284  343
284  354
285  323
285  333
286  324
286  333
287  304
287  344
287  357
288  305
288  345
288  358
289  325
289  335
290  326
290  335
291  306
291  346
291  361
292  307
292  347
292  362
293  327
293  337
294  328
294  337
295  308
295  348
295  365
296  309
296  349
296  366
297  329
297  339
298  330
298  339
299  310
299  350
299  369
300  311
300  351
300  370
301  331
301  341
302  373
303  374
304  377
305  378
306  381
307  382
308  385
309  386
310  389
311  390
312  322
312  342
312  352
312  392
313  323
313  343
313  355
313  393
314  324
314  344
314  356
314  394
315  325
315  345
315  359
315  395
316  326
316  346
316  360
316  396
317  327
317  347
317  363
317  397
318  328
318  348
318  364
318  398
319  329
319  349
319  367
319  399
320  330
320  350
320  368
320  400
321  331
321  351
321  371
321  401
322  372
323  375
324  376
325  379
326  380
327  383
328  384
329  387
330  388
331  391
332  373
332  374
332  402
332  403
333  375
333  376
333  412
334  377
334  378
334  404
334  405
335  379
335  380
335  413
336  381
336  382
336  406
336  407
337  383
337  384
337  414
338  385
338  386
338  408
338  409
339  387
339  388
339  415
340  389
340  390
340  410
340  411
341  372
341  391
341  416
342  418
343  419
344  422
345  423
346  426
347  427
348  430
349  431
350  434
351  435
352  372
352  417
353  373
353  418
354  374
354  419
355  375
355  420
356  376
356  421
357  377
357  422
358  378
358  423
359  379
359  424
360  380
360  425
361  381
361  426
362  382
362  427
363  383
363  428
364  384
364  429
365  385
365  430
366  386
366  431
367  387
367  432
368  388
368  433
369  389
369  434
370  390
370  435
371  391
371  436
372  437
372  457
373  438
374  439
375  440
375  458
376  441
376  459
377  442
378  443
379  444
379  460
380  445
380  461
381  446
382  447
383  448
383  462
384  449
384  463
385  450
386  451
387  452
387  464
388  453
388  465
389  454
390  455
391  456
391  466
392  417
392  418
393  419
393  420
394  421
394  422
395  423
395  424
396  425
396  426
397  427
397  428
398  429
398  430
399  431
399  432
400  433
400  434
401  435
401  436
402  438
402  467
403  439
403  467
404  442
404  468
405  443
405  468
406  446
406  469
407  447
407  469
408  450
408  470
409  451
409  470
410  454
410  471
411  455
411  471
412  458
412  459
412  483
412  484
413  460
413  461
413  485
413  486
414  462
414  463
414  487
414  488
415  464
415  465
415  489
415  490
416  457
416  466
416  482
416  491
417  437
417  472
417  512
418  438
418  472
418  502
418  513
419  439
419  473
419  503
419  514
420  440
420  473
420  515
421  441
421  474
421  516
422  442
422  474
422  504
422  517
423  443
423  475
423  505
423  518
424  444
424  475
424  519
425  445
425  476
425  520
426  446
426  476
426  506
426  521
427  447
427  477
427  507
427  522
428  448
428  477
428  523
429  449
429  478
429  524
430  450
430  478
430  508
430  525
431  451
431  479
431  509
431  526
432  452
432  479
432  527
433  453
433  480
433  528
434  454
434  480
434  510
434  529
435  455
435  481
435  511
435  530
436  456
436  481
436  531
437  532
438  492
438  533
439  493
439  534
440  535
441  536
442  494
442  537
443  495
443  538
444  539
445  540
446  496
446  541
447  497
447  542
448  543
449  544
450  498
450  545
451  499
451  546
452  547
453  548
454  500
454  549
455  501
455  550
456  551
457  532
458  535
459  536
460  539
461  540
462  543
463  544
464  547
465  548
466  551
467  492
467  493
467  554
468  494
468  495
468  558
469  496
469  497
469  562
470  498
470  499
470  566
471  500
471  501
471  570
472  553
473  555
474  557
475  559
476  561
477  563
478  565
479  567
480  569
481  571
482  532
482  552
483  535
483  556
484  536
484  556
485  539
485  560
486  540
486  560
487  543
487  564
488  544
488  564
489  547
489  568
490  548
490  568
491  551
491  552
492  583
493  584
494  587
495  588
496  591
497  592
498  595
499  596
500  599
501  600
502  553
502  602
503  555
503  603
504  557
504  604
505  559
505  605
506  561
506  606
507  563
507  607
508  565
508  608
509  567
509  609
510  569
510  610
511  571
511  611
512  532
512  553
513  533
513  602
514  534
514  603
515  535
515  555
516  536
516  557
517  537
517  604
518  538
518  605
519  539
519  559
520  540
520  561
521  541
521  606
522  542
522  607
523  543
523  563
524  544
524  565
525  545
525  608
526  546
526  609
527  547
527  567
528  548
528  569
529  549
529  610
530  550
530  611
531  551
531  571
532  572
532  582
532  612
533  583
533  613
534  584
534  614
535  573
535  585
535  615
536  574
536  586
536  616
537  587
537  617
538  588
538  618
539  575
539  589
539  619
540  576
540  590
540  620
541  591
541  621
542  592
542  622
543  577
543  593
543  623
544  578
544  594
544  624
545  595
545  625
546  596
546  626
547  579
547  597
547  627
548  580
548  598
548  628
549  599
549  629
550  600
550  630
551  581
551  601
551  631
552  582
552  601
553  572
553  642
554  583
554  584
555  573
555  643
556  585
556  586
557  574
557  644
558  587
558  588
559  575
559  645
560  589
560  590
561  576
561  646
562  591
562  592
563  577
563  647
564  593
564  594
565  578
565  648
566  595
566  596
567  579
567  649
568  597
568  598
569  580
569  650
570  599
570  600
571  581
571  651
572  652
573  653
574  654
575  655
576  656
577  657
578  658
579  659
580  660
581  661
582  632
582  672
582  692
583  633
583  673
584  633
584  674
585  634
585  675
585  693
586  634
586  676
586  694
587  635
587  677
588  635
588  678
589  636
589  679
589  695
590  636
590  680
590  696
591  637
591  681
592  637
592  682
593  638
593  683
593  697
594  638
594  684
594  698
595  639
595  685
596  639
596  686
597  640
597  687
597  699
598  640
598  688
598  700
599  641
599  689
600  641
600  690
601  632
601  691
601  701
602  613
602  642
602  662
603  614
603  643
603  663
604  617
604  644
604  664
605  618
605  645
605  665
606  621
606  646
606  666
607  622
607  647
607  667
608  625
608  648
608  668
609  626
609  649
609  669
610  629
610  650
610  670
611  630
611  651
611  671
612  652
612  672
613  673
614  674
615  653
615  675
616  654
616  676
617  677
618  678
619  655
619  679
620  656
620  680
621  681
622  682
623  657
623  683
624  658
624  684
625  685
626  686
627  659
627  687
628  660
628  688
629  689
630  690
631  661
631  691
632  722
633  702
633  703
634  723
635  704
635  705
636  724
637  706
637  707
638  725
639  708
639  709
640  726
641  710
641  711
642  652
642  712
642  747
643  653
643  713
643  748
644  654
644  714
644  749
645  655
645  715
645  750
646  656
646  716
646  751
647  657
647  717
647  752
648  658
648  718
648  753
649  659
649  719
649  754
650  660
650  720
650  755
651  661
651  721
651  756
652  727
652  757
653  730
653  760
654  731
654  761
655  734
655  764
656  735
656  765
657  738
657  768
658  739
658  769
659  742
659  772
660  743
660  773
661  746
661  776
662  673
662  712
663  674
663  713
664  677
664  714
665  678
665  715
666  681
666  716
667  682
667  717
668  685
668  718
669  686
669  719
670  689
670  720
671  690
671  721
672  727
672  777
673  702
673  728
673  758
673  778
674  703
674  729
674  759
674  779
675  730
675  780
676  731
676  781
677  704
677  732
677  762
677  782
678  705
678  733
678  763
678  783
679  734
679  784
680  735
680  785
681  706
681  736
681  766
681  786
682  707
682  737
682  767
682  787
683  738
683  788
684  739
684  789
685  708
685  740
685  770
685  790
686  709
686  741
686  771
686  791
687  742
687  792
688  743
688  793
689  710
689  744
689  774
689  794
690  711
690  745
690  775
690  795
691  746
691  796
692  722
692  777
693  723
693  780
694  723
694  781
695  724
695  784
696  724
696  785
697  725
697  788
698  725
698  789
699  726
699  792
700  726
700  793
701  722
701  796
702  797
703  797
704  798
705  798
706  799
707  799
708  800
709  800
710  801
711  801
712  728
712  812
712  823
713  729
713  813
713  824
714  732
714  814
714  827
715  733
715  815
715  828
716  736
716  816
716  831
717  737
717  817
717  832
718  740
718  818
718  835
719  741
719  819
719  836
720  744
720  820
720  839
721  745
721  821
721  840
722  802
722  811
723  803
723  804
724  805
724  806
725  807
725  808
726  809
726  810
727  842
728  843
729  844
730  845
731  846
732  847
733  848
734  849
735  850
736  851
737  852
738  853
739  854
740  855
741  856
742  857
743  858
744  859
745  860
746  861
747  757
747  812
747  822
747  862
748  760
748  813
748  825
748  863
749  761
749  814
749  826
749  864
750  764
750  815
750  829
750  865
751  765
751  816
751  830
751  866
752  768
752  817
752  833
752  867
753  769
753  818
753  834
753  868
754  772
754  819
754  837
754  869
755  773
755  820
755  838
755  870
756  776
756  821
756  841
756  871
757  842
758  797
758  873
759  797
759  874
760  845
761  846
762  798
762  877
763  798
763  878
764  849
765  850
766  799
766  881
767  799
767  882
768  853
769  854
770  800
770  885
771  800
771  886
772  857
773  858
774  801
774  889
775  801
775  890
776  861
777  802
777  842
777  872
778  843
778  873
779  844
779  874
780  803
780  845
780  875
781  804
781  846
781  876
782  847
782  877
783  848
783  878
784  805
784  849
784  879
785  806
785  850
785  880
786  851
786  881
787  852
787  882
788  807
788  853
788  883
789  808
789  854
789  884
790  855
790  885
791  856
791  886
792  809
792  857
792  887
793  810
793  858
793  888
794  859
794  889
795  860
795  890
796  811
796  861
796  891
797  893
798  895
799  897
800  899
801  901
802  892
803  894
804  894
805  896
806  896
807  898
808  898
809  900
810  900
811  892
812  923
813  924
814  927
815  928
816  931
817  932
818  935
819  936
820  939
821  940
822  842
822  922
823  843
823  923
824  844
824  924
825  845
825  925
826  846
826  926
827  847
827  927
828  848
828  928
829  849
829  929
830  850
830  930
831  851
831  931
832  852
832  932
833  853
833  933
834  854
834  934
835  855
835  935
836  856
836  936
837  857
837  937
838  858
838  938
839  859
839  939
840  860
840  940
841  861
841  941
842  902
842  942
843  903
843  943
844  904
844  944
845  905
845  945
846  906
846  946
847  907
847  947
848  908
848  948
849  909
849  949
850  910
850  950
851  911
851  951
852  912
852  952
853  913
853  953
854  914
854  954
855  915
855  955
856  916
856  956
857  917
857  957
858  918
858  958
859  919
859  959
860  920
860  960
861  921
861  961
862  922
862  923
863  924
863  925
864  926
864  927
865  928
865  929
866  930
866  931
867  932
867  933
868  934
868  935
869  936
869  937
870  938
870  939
871  940
871  941
872  892
872  902
873  893
873  903
873  972
874  893
874  904
874  973
875  894
875  905
876  894
876  906
877  895
877  907
877  974
878  895
878  908
878  975
879  896
879  909
880  896
880  910
881  897
881  911
881  976
882  897
882  912
882  977
883  898
883  913
884  898
884  914
885  899
885  915
885  978
886  899
886  916
886  979
887  900
887  917
888  900
888  918
889  901
889  919
889  980
890  901
890  920
890  981
891  892
891  921
892  962
892  971
892  1022
893  993
893  994
893  1025
894  963
894  964
894  1028
895  997
895  998
895  1031
896  965
896  966
896  1034
897  1001
897  1002
897  1037
898  967
898  968
898  1040
899  1005
899  1006
899  1043
900  969
900  970
900  1046
901  1009
901  1010
901  1049
902  962
902  1023
902  1052
903  1024
904  1026
905  963
905  1027
905  1053
906  964
906  1029
906  1054
907  1030
908  1032
909  965
909  1033
909  1055
910  966
910  1035
910  1056
911  1036
912  1038
913  967
913  1039
913  1057
914  968
914  1041
914  1058
915  1042
916  1044
917  969
917  1045
917  1059
918  970
918  1047
918  1060
919  1048
920  1050
921  971
921  1051
921  1061
922  942
922  982
923  943
923  982
923  1012
923  1062
924  944
924  983
924  1013
924  1063
925  945
925  983
926  946
926  984
927  947
927  984
927  1014
927  1064
928  948
928  985
928  1015
928  1065
929  949
929  985
930  950
930  986
931  951
931  986
931  1016
931  1066
932  952
932  987
932  1017
932  1067
933  953
933  987
934  954
934  988
935  955
935  988
935  1018
935  1068
936  956
936  989
936  1019
936  1069
937  957
937  989
938  958
938  990
939  959
939  990
939  1020
939  1070
940  960
940  991
940  1021
940  1071
941  961
941  991
942  992
942  1023
942  1072
943  1024
944  1026
945  995
945  1027
945  1073
946  996
946  1029
946  1074
947  1030
948  1032
949  999
949  1033
949  1075
950  1000
950  1035
950  1076
951  1036
952  1038
953  1003
953  1039
953  1077
954  1004
954  1041
954  1078
955  1042
956  1044
957  1007
957  1045
957  1079
958  1008
958  1047
958  1080
959  1048
960  1050
961  1011
961  1051
961  1081
962  1082
963  1083
964  1084
965  1085
966  1086
967  1087
968  1088
969  1089
970  1090
971  1091
972  993
972  1024
972  1092
973  994
973  1026
973  1093
974  997
974  1030
974  1094
975  998
975  1032
975  1095
976  1001
976  1036
976  1096
977  1002
977  1038
977  1097
978  1005
978  1042
978  1098
979  1006
979  1044
979  1099
980  1009
980  1048
980  1100
981  1010
981  1050
981  1101
982  992
982  1102
982  1103
983  995
983  1104
983  1105
984  996
984  1106
984  1107
985  999
985  1108
985  1109
986  1000
986  1110
986  1111
987  1003
987  1112
987  1113
988  1004
988  1114
988  1115
989  1007
989  1116
989  1117
990  1008
990  1118
990  1119
991  1011
991  1120
991  1121
992  1122
993  1133
994  1134
995  1123
996  1124
997  1137
998  1138
999  1125
1000  1126
1001  1141
1002  1142
1003  1127
1004  1128
1005  1145
1006  1146
1007  1129
1008  1130
1009  1149
1010  1150
1011  1131
1012  1024
1012  1152
1013  1026
1013  1153
1014  1030
1014  1154
1015  1032
1015  1155
1016  1036
1016  1156
1017  1038
1017  1157
1018  1042
1018  1158
1019  1044
1019  1159
1020  1048
1020  1160
1021  1050
1021  1161
1022  1082
1022  1091
1022  1132
1022  1151
1023  1162
1024  1163
1025  1133
1025  1134
1026  1164
1027  1165
1028  1083
1028  1084
1028  1135
1028  1136
1029  1166
1030  1167
1031  1137
1031  1138
1032  1168
1033  1169
1034  1085
1034  1086
1034  1139
1034  1140
1035  1170
1036  1171
1037  1141
1037  1142
1038  1172
1039  1173
1040  1087
1040  1088
1040  1143
1040  1144
1041  1174
1042  1175
1043  1145
1043  1146
1044  1176
1045  1177
1046  1089
1046  1090
1046  1147
1046  1148
1047  1178
1048  1179
1049  1149
1049  1150
1050  1180
1051  1181
1052  1082
1052  1162
1053  1083
1053  1165
1054  1084
1054  1166
1055  1085
1055  1169
1056  1086
1056  1170
1057  1087
1057  1173
1058  1088
1058  1174
1059  1089
1059  1177
1060  1090
1060  1178
1061  1091
1061  1181
1062  1103
1062  1152
1063  1104
1063  1153
1064  1107
1064  1154
1065  1108
1065  1155
1066  1111
1066  1156
1067  1112
1067  1157
1068  1115
1068  1158
1069  1116
1069  1159
1070  1119
1070  1160
1071  1120
1071  1161
1072  1122
1072  1162
1073  1123
1073  1165
1074  1124
1074  1166
1075  1125
1075  1169
1076  1126
1076  1170
1077  1127
1077  1173
1078  1128
1078  1174
1079  1129
1079  1177
1080  1130
1080  1178
1081  1131
1081  1181
1082  1182
1083  1185
1084  1186
1085  1189
1086  1190
1087  1193
1088  1194
1089  1197
1090  1198
1091  1201
1092  1133
1092  1163
1093  1134
1093  1164
1094  1137
1094  1167
1095  1138
1095  1168
1096  1141
1096  1171
1097  1142
1097  1172
1098  1145
1098  1175
1099  1146
1099  1176
1100  1149
1100  1179
1101  1150
1101  1180
1102  1122
1102  1232
1103  1202
1103  1232
1104  1203
1104  1233
1105  1123
1105  1233
1106  1124
1106  1234
1107  1204
1107  1234
1108  1205
1108  1235
1109  1125
1109  1235
1110  1126
1110  1236
1111  1206
1111  1236
1112  1207
1112  1237
1113  1127
1113  1237
1114  1128
1114  1238
1115  1208
1115  1238
1116  1209
1116  1239
1117  1129
1117  1239
1118  1130
1118  1240
1119  1210
1119  1240
1120  1211
1120  1241
1121  1131
1121  1241
1122  1212
1122  1242
1123  1213
1123  1245
1124  1214
1124  1246
1125  1215
1125  1249
1126  1216
1126  1250
1127  1217
1127  1253
1128  1218
1128  1254
1129  1219
1129  1257
1130  1220
1130  1258
1131  1221
1131  1261
1132  1182
1132  1231
1133  1183
1133  1222
1134  1184
1134  1222
1135  1185
1135  1223
1136  1186
1136  1223
1137  1187
1137  1224
1138  1188
1138  1224
1139  1189
1139  1225
1140  1190
1140  1225
1141  1191
1141  1226
1142  1192
1142  1226
1143  1193
1143  1227
1144  1194
1144  1227
1145  1195
1145  1228
1146  1196
1146  1228
1147  1197
1147  1229
1148  1198
1148  1229
1149  1199
1149  1230
1150  1200
1150  1230
1151  1201
1151  1231
1152  1163
1152  1202
1152  1262
1153  1164
1153  1203
1153  1263
1154  1167
1154  1204
1154  1264
1155  1168
1155  1205
1155  1265
1156  1171
1156  1206
1156  1266
1157  1172
1157  1207
1157  1267
1158  1175
1158  1208
1158  1268
1159  1176
1159  1209
1159  1269
1160  1179
1160  1210
1160  1270
1161  1180
1161  1211
1161  1271
1162  1182
1162  1212
1162  1272
1162  1312
1163  1183
1163  1243
1163  1273
1164  1184
1164  1244
1164  1274
1165  1185
1165  1213
1165  1275
1165  1313
1166  1186
1166  1214
1166  1276
1166  1314
1167  1187
1167  1247
1167  1277
1168  1188
1168  1248
1168  1278
1169  1189
1169  1215
1169  1279
1169  1315
1170  1190
1170  1216
1170  1280
1170  1316
1171  1191
1171  1251
1171  1281
1172  1192
1172  1252
1172  1282
1173  1193
1173  1217
1173  1283
1173  1317
1174  1194
1174  1218
1174  1284
1174  1318
1175  1195
1175  1255
1175  1285
1176  1196
1176  1256
1176  1286
1177  1197
1177  1219
1177  1287
1177  1319
1178  1198
1178  1220
1178  1288
1178  1320
1179  1199
1179  1259
1179  1289
1180  1200
1180  1260
1180  1290
1181  1201
1181  1221
1181  1291
1181  1321
1182  1292
1182  1322
1183  1293
1184  1294
1185  1295
1185  1323
1186  1296
1186  1324
1187  1297
1188  1298
1189  1299
1189  1325
1190  1300
1190  1326
1191  1301
1192  1302
1193  1303
1193  1327
1194  1304
1194  1328
1195  1305
1196  1306
1197  1307
1197  1329
1198  1308
1198  1330
1199  1309
1200  1310
1201  1311
1201  1331
1202  1333
1203  1334
1204  1337
1205  1338
1206  1341
1207  1342
1208  1345
1209  1346
1210  1349
1211  1350
1212  1352
1213  1355
1214  1356
1215  1359
1216  1360
1217  1363
1218  1364
1219  1367
1220  1368
1221  1371
1222  1293
1222  1294
1222  1382
1223  1295
1223  1296
1223  1383
1224  1297
1224  1298
1224  1384
1225  1299
1225  1300
1225  1385
1226  1301
1226  1302
1226  1386
1227  1303
1227  1304
1227  1387
1228  1305
1228  1306
1228  1388
1229  1307
1229  1308
1229  1389
1230  1309
1230  1310
1230  1390
1231  1292
1231  1311
1231  1391
1232  1242
1232  1332
1232  1333
1233  1245
1233  1334
1233  1335
1234  1246
1234  1336
1234  1337
1235  1249
1235  1338
1235  1339
1236  1250
1236  1340
1236  1341
1237  1253
1237  1342
1237  1343
1238  1254
1238  1344
1238  1345
1239  1257
1239  1346
1239  1347
1240  1258
1240  1348
1240  1349
1241  1261
1241  1350
1241  1351
1242  1352
1243  1293
1243  1372
1244  1294
1244  1373
1245  1355
1246  1356
1247  1297
1247  1374
1248  1298
1248  1375
1249  1359
1250  1360
1251  1301
1251  1376
1252  1302
1252  1377
1253  1363
1254  1364
1255  1305
1255  1378
1256  1306
1256  1379
1257  1367
1258  1368
1259  1309
1259  1380
1260  1310
1260  1381
1261  1371
1262  1273
1262  1333
1263  1274
1263  1334
1264  1277
1264  1337
1265  1278
1265  1338
1266  1281
1266  1341
1267  1282
1267  1342
1268  1285
1268  1345
1269  1286
1269  1346
1270  1289
1270  1349
1271  1290
1271  1350
1272  1352
1272  1402
1273  1353
1273  1372
1273  1404
1274  1354
1274  1373
1274  1405
1275  1355
1275  1407
1276  1356
1276  1408
1277  1357
1277  1374
1277  1410
1278  1358
1278  1375
1278  1411
1279  1359
1279  1413
1280  1360
1280  1414
1281  1361
1281  1376
1281  1416
1282  1362
1282  1377
1282  1417
1283  1363
1283  1419
1284  1364
1284  1420
1285  1365
1285  1378
1285  1422
1286  1366
1286  1379
1286  1423
1287  1367
1287  1425
1288  1368
1288  1426
1289  1369
1289  1380
1289  1428
1290  1370
1290  1381
1290  1429
1291  1371
1291  1431
1292  1432
1293  1392
1293  1433
1294  1393
1294  1434
1295  1435
1296  1436
1297  1394
1297  1437
1298  1395
1298  1438
1299  1439
1300  1440
1301  1396
1301  1441
1302  1397
1302  1442
1303  1443
1304  1444
1305  1398
1305  1445
1306  1399
1306  1446
1307  1447
1308  1448
1309  1400
1309  1449
1310  1401
1310  1450
1311  1451
1312  1322
1312  1402
1313  1323
1313  1407
1314  1324
1314  1408
1315  1325
1315  1413
1316  1326
1316  1414
1317  1327
1317  1419
1318  1328
1318  1420
1319  1329
1319  1425
1320  1330
1320  1426
1321  1331
1321  1431
1322  1432
1322  1452
1323  1435
1323  1453
1324  1436
1324  1454
1325  1439
1325  1455
1326  1440
1326  1456
1327  1443
1327  1457
1328  1444
1328  1458
1329  1447
1329  1459
1330  1448
1330  1460
1331  1451
1331  1461
1332  1352
1332  1403
1332  1477
1333  1353
1333  1403
1333  1463
1333  1478
1334  1354
1334  1406
1334  1464
1334  1479
1335  1355
1335  1406
1335  1480
1336  1356
1336  1409
1336  1481
1337  1357
1337  1409
1337  1466
1337  1482
1338  1358
1338  1412
1338  1467
1338  1483
1339  1359
1339  1412
1339  1484
1340  1360
1340  1415
1340  1485
1341  1361
1341  1415
1341  1469
1341  1486
1342  1362
1342  1418
1342  1470
1342  1487
1343  1363
1343  1418
1343  1488
1344  1364
1344  1421
1344  1489
1345  1365
1345  1421
1345  1472
1345  1490
1346  1366
1346  1424
1346  1473
1346  1491
1347  1367
1347  1424
1347  1492
1348  1368
1348  1427
1348  1493
1349  1369
1349  1427
1349  1475
1349  1494
1350  1370
1350  1430
1350  1476
1350  1495
1351  1371
1351  1430
1351  1496
1352  1497
1353  1498
1354  1499
1355  1500
1356  1501
1357  1502
1358  1503
1359  1504
1360  1505
1361  1506
1362  1507
1363  1508
1364  1509
1365  1510
1366  1511
1367  1512
1368  1513
1369  1514
1370  1515
1371  1516
1372  1392
1372  1528
1373  1393
1373  1529
1374  1394
1374  1532
1375  1395
1375  1533
1376  1396
1376  1536
1377  1397
1377  1537
1378  1398
1378  1540
1379  1399
1379  1541
1380  1400
1380  1544
1381  1401
1381  1545
1382  1433
1382  1434
1382  1517
1382  1518
1383  1435
1383  1436
1384  1437
1384  1438
1384  1519
1384  1520
1385  1439
1385  1440
1386  1441
1386  1442
1386  1521
1386  1522
1387  1443
1387  1444
1388  1445
1388  1446
1388  1523
1388  1524
1389  1447
1389  1448
1390  1449
1390  1450
1390  1525
1390  1526
1391  1432
1391  1451
1392  1548
1393  1549
1394  1552
1395  1553
1396  1556
1397  1557
1398  1560
1399  1561
1400  1564
1401  1565
1402  1452
1402  1497
1402  1527
1403  1567
1404  1498
1404  1528
1405  1499
1405  1529
1406  1568
1407  1453
1407  1500
1407  1530
1408  1454
1408  1501
1408  1531
1409  1569
1410  1502
1410  1532
1411  1503
1411  1533
1412  1570
1413  1455
1413  1504
1413  1534
1414  1456
1414  1505
1414  1535
1415  1571
1416  1506
1416  1536
1417  1507
1417  1537
1418  1572
1419  1457
1419  1508
1419  1538
1420  1458
1420  1509
1420  1539
1421  1573
1422  1510
1422  1540
1423  1511
1423  1541
1424  1574
1425  1459
1425  1512
1425  1542
1426  1460
1426  1513
1426  1543
1427  1575
1428  1514
1428  1544
1429  1515
1429  1545
1430  1576
1431  1461
1431  1516
1431  1546
1432  1462
1432  1547
1433  1548
1434  1549
1435  1465
1435  1550
1436  1465
1436  1551
1437  1552
1438  1553
1439  1468
1439  1554
1440  1468
1440  1555
1441  1556
1442  1557
1443  1471
1443  1558
1444  1471
1444  1559
1445  1560
1446  1561
1447  1474
1447  1562
1448  1474
1448  1563
1449  1564
1450  1565
1451  1462
1451  1566
1452  1547
1453  1550
1454  1551
1455  1554
1456  1555
1457  1558
1458  1559
1459  1562
1460  1563
1461  1566
1462  1607
1462  1616
1463  1567
1463  1618
1464  1568
1464  1619
1465  1608
1465  1609
1466  1569
1466  1622
1467  1570
1467  1623
1468  1610
1468  1611
1469  1571
1469  1626
1470  1572
1470  1627
1471  1612
1471  1613
1472  1573
1472  1630
1473  1574
1473  1631
1474  1614
1474  1615
1475  1575
1475  1634
1476  1576
1476  1635
1477  1497
1477  1567
1478  1498
1478  1618
1479  1499
1479  1619
1480  1500
1480  1568
1481  1501
1481  1569
1482  1502
1482  1622
1483  1503
1483  1623
1484  1504
1484  1570
1485  1505
1485  1571
1486  1506
1486  1626
1487  1507
1487  1627
1488  1508
1488  1572
1489  1509
1489  1573
1490  1510
1490  1630
1491  1511
1491  1631
1492  1512
1492  1574
1493  1513
1493  1575
1494  1514
1494  1634
1495  1515
1495  1635
1496  1516
1496  1576
1497  1577
1497  1587
1497  1642
1498  1588
1498  1643
1499  1589
1499  1644
1500  1578
1500  1590
1500  1645
1501  1579
1501  1591
1501  1646
1502  1592
1502  1647
1503  1593
1503  1648
1504  1580
1504  1594
1504  1649
1505  1581
1505  1595
1505  1650
1506  1596
1506  1651
1507  1597
1507  1652
1508  1582
1508  1598
1508  1653
1509  1583
1509  1599
1509  1654
1510  1600
1510  1655
1511  1601
1511  1656
1512  1584
1512  1602
1512  1657
1513  1585
1513  1603
1513  1658
1514  1604
1514  1659
1515  1605
1515  1660
1516  1586
1516  1606
1516  1661
1517  1548
1517  1637
1518  1549
1518  1637
1519  1552
1519  1638
1520  1553
1520  1638
1521  1556
1521  1639
1522  1557
1522  1639
1523  1560
1523  1640
1524  1561
1524  1640
1525  1564
1525  1641
1526  1565
1526  1641
1527  1547
1527  1587
1528  1548
1528  1588
1528  1662
1529  1549
1529  1589
1529  1663
1530  1550
1530  1590
1531  1551
1531  1591
1532  1552
1532  1592
1532  1664
1533  1553
1533  1593
1533  1665
1534  1554
1534  1594
1535  1555
1535  1595
1536  1556
1536  1596
1536  1666
1537  1557
1537  1597
1537  1667
1538  1558
1538  1598
1539  1559
1539  1599
1540  1560
1540  1600
1540  1668
1541  1561
1541  1601
1541  1669
1542  1562
1542  1602
1543  1563
1543  1603
1544  1564
1544  1604
1544  1670
1545  1565
1545  1605
1545  1671
1546  1566
1546  1606
1547  1607
1547  1617
1547  1672
1547  1712
1548  1673
1548  1692
1549  1674
1549  1693
1550  1608
1550  1620
1550  1675
1550  1715
1551  1609
1551  1621
1551  1676
1551  1716
1552  1677
1552  1694
1553  1678
1553  1695
1554  1610
1554  1624
1554  1679
1554  1719
1555  1611
1555  1625
1555  1680
1555  1720
1556  1681
1556  1696
1557  1682
1557  1697
1558  1612
1558  1628
1558  1683
1558  1723
1559  1613
1559  1629
1559  1684
1559  1724
1560  1685
1560  1698
1561  1686
1561  1699
1562  1614
1562  1632
1562  1687
1562  1727
1563  1615
1563  1633
1563  1688
1563  1728
1564  1689
1564  1700
1565  1690
1565  1701
1566  1616
1566  1636
1566  1691
1566  1731
1567  1577
1567  1702
1568  1578
1568  1703
1569  1579
1569  1704
1570  1580
1570  1705
1571  1581
1571  1706
1572  1582
1572  1707
1573  1583
1573  1708
1574  1584
1574  1709
1575  1585
1575  1710
1576  1586
1576  1711
1577  1713
1578  1714
1579  1717
1580  1718
1581  1721
1582  1722
1583  1725
1584  1726
1585  1729
1586  1730
1587  1617
1587  1752
1587  1772
1588  1753
1589  1754
1590  1620
1590  1755
1590  1773
1591  1621
1591  1756
1591  1774
1592  1757
1593  1758
1594  1624
1594  1759
1594  1775
1595  1625
1595  1760
1595  1776
1596  1761
1597  1762
1598  1628
1598  1763
1598  1777
1599  1629
1599  1764
1599  1778
1600  1765
1601  1766
1602  1632
1602  1767
1602  1779
1603  1633
1603  1768
1603  1780
1604  1769
1605  1770
1606  1636
1606  1771
1606  1781
1607  1742
1608  1744
1609  1744
1610  1746
1611  1746
1612  1748
1613  1748
1614  1750
1615  1750
1616  1742
1617  1792
1618  1643
1618  1702
1618  1732
1619  1644
1619  1703
1619  1733
1620  1793
1621  1794
1622  1647
1622  1704
1622  1734
1623  1648
1623  1705
1623  1735
1624  1795
1625  1796
1626  1651
1626  1706
1626  1736
1627  1652
1627  1707
1627  1737
1628  1797
1629  1798
1630  1655
1630  1708
1630  1738
1631  1656
1631  1709
1631  1739
1632  1799
1633  1800
1634  1659
1634  1710
1634  1740
1635  1660
1635  1711
1635  1741
1636  1801
1637  1673
1637  1674
1638  1677
1638  1678
1639  1681
1639  1682
1640  1685
1640  1686
1641  1689
1641  1690
1642  1713
1642  1752
1643  1753
1644  1754
1645  1714
1645  1755
1646  1717
1646  1756
1647  1757
1648  1758
1649  1718
1649  1759
1650  1721
1650  1760
1651  1761
1652  1762
1653  1722
1653  1763
1654  1725
1654  1764
1655  1765
1656  1766
1657  1726
1657  1767
1658  1729
1658  1768
1659  1769
1660  1770
1661  1730
1661  1771
1662  1692
1662  1753
1663  1693
1663  1754
1664  1694
1664  1757
1665  1695
1665  1758
1666  1696
1666  1761
1667  1697
1667  1762
1668  1698
1668  1765
1669  1699
1669  1766
1670  1700
1670  1769
1671  1701
1671  1770
1672  1742
1672  1842
1673  1743
1673  1812
1673  1843
1674  1743
1674  1813
1674  1844
1675  1744
1675  1845
1676  1744
1676  1846
1677  1745
1677  1814
1677  1847
1678  1745
1678  1815
1678  1848
1679  1746
1679  1849
1680  1746
1680  1850
1681  1747
1681  1816
1681  1851
1682  1747
1682  1817
1682  1852
1683  1748
1683  1853
1684  1748
1684  1854
1685  1749
1685  1818
1685  1855
1686  1749
1686  1819
1686  1856
1687  1750
1687  1857
1688  1750
1688  1858
1689  1751
1689  1820
1689  1859
1690  1751
1690  1821
1690  1860
1691  1742
1691  1861
1692  1782
1692  1812
1692  1862
1693  1783
1693  1813
1693  1863
1694  1784
1694  1814
1694  1864
1695  1785
1695  1815
1695  1865
1696  1786
1696  1816
1696  1866
1697  1787
1697  1817
1697  1867
1698  1788
1698  1818
1698  1868
1699  1789
1699  1819
1699  1869
1700  1790
1700  1820
1700  1870
1701  1791
1701  1821
1701  1871
1702  1713
1702  1802
1702  1872
1703  1714
1703  1803
1703  1873
1704  1717
1704  1804
1704  1874
1705  1718
1705  1805
1705  1875
1706  1721
1706  1806
1706  1876
1707  1722
1707  1807
1707  1877
1708  1725
1708  1808
1708  1878
1709  1726
1709  1809
1709  1879
1710  1729
1710  1810
1710  1880
1711  1730
1711  1811
1711  1881
1712  1792
1712  1842
1713  1822
1713  1882
1714  1825
1714  1883
1715  1793
1715  1845
1716  1794
1716  1846
1717  1826
1717  1884
1718  1829
1718  1885
1719  1795
1719  1849
1720  1796
1720  1850
1721  1830
1721  1886
1722  1833
1722  1887
1723  1797
1723  1853
1724  1798
1724  1854
1725  1834
1725  1888
1726  1837
1726  1889
1727  1799
1727  1857
1728  1800
1728  1858
1729  1838
1729  1890
1730  1841
1730  1891
1731  1801
1731  1861
1732  1753
1732  1802
1733  1754
1733  1803
1734  1757
1734  1804
1735  1758
1735  1805
1736  1761
1736  1806
1737  1762
1737  1807
1738  1765
1738  1808
1739  1766
1739  1809
1740  1769
1740  1810
1741  1770
1741  1811
1742  1901
1743  1892
1744  1893
1745  1894
1746  1895
1747  1896
1748  1897
1749  1898
1750  1899
1751  1900
1752  1822
1752  1902
1753  1782
1753  1823
1753  1903
1754  1783
1754  1824
1754  1904
1755  1825
1755  1905
1756  1826
1756  1906
1757  1784
1757  1827
1757  1907
1758  1785
1758  1828
1758  1908
1759  1829
1759  1909
1760  1830
1760  1910
1761  1786
1761  1831
1761  1911
1762  1787
1762  1832
1762  1912
1763  1833
1763  1913
1764  1834
1764  1914
1765  1788
1765  1835
1765  1915
1766  1789
1766  1836
1766  1916
1767  1837
1767  1917
1768  1838
1768  1918
1769  1790
1769  1839
1769  1919
1770  1791
1770  1840
1770  1920
1771  1841
1771  1921
1772  1792
1772  1902
1773  1793
1773  1905
1774  1794
1774  1906
1775  1795
1775  1909
1776  1796
1776  1910
1777  1797
1777  1913
1778  1798
1778  1914
1779  1799
1779  1917
1780  1800
1780  1918
1781  1801
1781  1921
1782  1933
1783  1934
1784  1937
1785  1938
1786  1941
1787  1942
1788  1945
1789  1946
1790  1949
1791  1950
1792  1922
1792  1932
1793  1923
1793  1935
1794  1924
1794  1936
1795  1925
1795  1939
1796  1926
1796  1940
1797  1927
1797  1943
1798  1928
1798  1944
1799  1929
1799  1947
1800  1930
1800  1948
1801  1931
1801  1951
1802  1823
1802  1952
1802  1963
1803  1824
1803  1953
1803  1964
1804  1827
1804  1954
1804  1967
1805  1828
1805  1955
1805  1968
1806  1831
1806  1956
1806  1971
1807  1832
1807  1957
1807  1972
1808  1835
1808  1958
1808  1975
1809  1836
1809  1959
1809  1976
1810  1839
1810  1960
1810  1979
1811  1840
1811  1961
1811  1980
1812  1985
1813  1986
1814  1993
1815  1994
1816  2001
1817  2002
1818  2009
1819  2010
1820  2017
1821  2018
1822  1983
1823  1984
1824  1987
1825  1988
1826  1991
1827  1992
1828  1995
1829  1996
1830  1999
1831  2000
1832  2003
1833  2004
1834  2007
1835  2008
1836  2011
1837  2012
1838  2015
1839  2016
1840  2019
1841  2020
1842  1901
1842  1922
1842  1982
1843  1892
1843  1985
1844  1892
1844  1986
1845  1893
1845  1923
1845  1989
1846  1893
1846  1924
1846  1990
1847  1894
1847  1993
1848  1894
1848  1994
1849  1895
1849  1925
1849  1997
1850  1895
1850  1926
1850  1998
1851  1896
1851  2001
1852  1896
1852  2002
1853  1897
1853  1927
1853  2005
1854  1897
1854  1928
1854  2006
1855  1898
1855  2009
1856  1898
1856  2010
1857  1899
1857  1929
1857  2013
1858  1899
1858  1930
1858  2014
1859  1900
1859  2017
1860  1900
1860  2018
1861  1901
1861  1931
1861  2021
1862  1933
1862  1985
1863  1934
1863  1986
1864  1937
1864  1993
1865  1938
1865  1994
1866  1941
1866  2001
1867  1942
1867  2002
1868  1945
1868  2009
1869  1946
1869  2010
1870  1949
1870  2017
1871  1950
1871  2018
1872  1882
1872  1952
1872  1962
1872  2043
1873  1883
1873  1953
1873  1965
1873  2046
1874  1884
1874  1954
1874  1966
1874  2049
1875  1885
1875  1955
1875  1969
1875  2052
1876  1886
1876  1956
1876  1970
1876  2055
1877  1887
1877  1957
1877  1973
1877  2058
1878  1888
1878  1958
1878  1974
1878  2061
1879  1889
1879  1959
1879  1977
1879  2064
1880  1890
1880  1960
1880  1978
1880  2067
1881  1891
1881  1961
1881  1981
1881  2070
1882  1983
1883  1988
1884  1991
1885  1996
1886  1999
1887  2004
1888  2007
1889  2012
1890  2015
1891  2020
1892  2044
1892  2045
1893  2047
1893  2048
1894  2050
1894  2051
1895  2053
1895  2054
1896  2056
1896  2057
1897  2059
1897  2060
1898  2062
1898  2063
1899  2065
1899  2066
1900  2068
1900  2069
1901  2042
1901  2071
1902  1932
1902  1983
1902  2022
1903  1933
1903  1984
1903  2023
1903  2092
1904  1934
1904  1987
1904  2024
1904  2093
1905  1935
1905  1988
1905  2025
1906  1936
1906  1991
1906  2026
1907  1937
1907  1992
1907  2027
1907  2094
1908  1938
1908  1995
1908  2028
1908  2095
1909  1939
1909  1996
1909  2029
1910  1940
1910  1999
1910  2030
1911  1941
1911  2000
1911  2031
1911  2096
1912  1942
1912  2003
1912  2032
1912  2097
1913  1943
1913  2004
1913  2033
1914  1944
1914  2007
1914  2034
1915  1945
1915  2008
1915  2035
1915  2098
1916  1946
1916  2011
1916  2036
1916  2099
1917  1947
1917  2012
1917  2037
1918  1948
1918  2015
1918  2038
1919  1949
1919  2016
1919  2039
1919  2100
1920  1950
1920  2019
1920  2040
1920  2101
1921  1951
1921  2020
1921  2041
1922  2072
1923  2075
1924  2076
1925  2079
1926  2080
1927  2083
1928  2084
1929  2087
1930  2088
1931  2091
1932  2072
1933  2073
1934  2074
1935  2075
1936  2076
1937  2077
1938  2078
1939  2079
1940  2080
1941  2081
1942  2082
1943  2083
1944  2084
1945  2085
1946  2086
1947  2087
1948  2088
1949  2089
1950  2090
1951  2091
1952  2143
1953  2144
1954  2147
1955  2148
1956  2151
1957  2152
1958  2155
1959  2156
1960  2159
1961  2160
1962  1983
1962  2142
1963  1984
1963  2143
1964  1987
1964  2144
1965  1988
1965  2145
1966  1991
1966  2146
1967  1992
1967  2147
1968  1995
1968  2148
1969  1996
1969  2149
1970  1999
1970  2150
1971  2000
1971  2151
1972  2003
1972  2152
1973  2004
1973  2153
1974  2007
1974  2154
1975  2008
1975  2155
1976  2011
1976  2156
1977  2012
1977  2157
1978  2015
1978  2158
1979  2016
1979  2159
1980  2019
1980  2160
1981  2020
1981  2161
1982  2042
1982  2072
1983  2112
1983  2162
1984  2163
1985  2044
1985  2073
1985  2122
1985  2182
1986  2045
1986  2074
1986  2123
1986  2183
1987  2164
1988  2113
1988  2165
1989  2047
1989  2075
1990  2048
1990  2076
1991  2114
1991  2166
1992  2167
1993  2050
1993  2077
1993  2124
1993  2184
1994  2051
1994  2078
1994  2125
1994  2185
1995  2168
1996  2115
1996  2169
1997  2053
1997  2079
1998  2054
1998  2080
1999  2116
1999  2170
2000  2171
2001  2056
2001  2081
2001  2126
2001  2186
2002  2057
2002  2082
2002  2127
2002  2187
2003  2172
2004  2117
2004  2173
2005  2059
2005  2083
2006  2060
2006  2084
2007  2118
2007  2174
2008  2175
2009  2062
2009  2085
2009  2128
2009  2188
2010  2063
2010  2086
2010  2129
2010  2189
2011  2176
2012  2119
2012  2177
2013  2065
2013  2087
2014  2066
2014  2088
2015  2120
2015  2178
2016  2179
2017  2068
2017  2089
2017  2130
2017  2190
2018  2069
2018  2090
2018  2131
2018  2191
2019  2180
2020  2121
2020  2181
2021  2071
2021  2091
2022  2072
2022  2112
2023  2073
2023  2202
2024  2074
2024  2203
2025  2075
2025  2113
2026  2076
2026  2114
2027  2077
2027  2204
2028  2078
2028  2205
2029  2079
2029  2115
2030  2080
2030  2116
2031  2081
2031  2206
2032  2082
2032  2207
2033  2083
2033  2117
2034  2084
2034  2118
2035  2085
2035  2208
2036  2086
2036  2209
2037  2087
2037  2119
2038  2088
2038  2120
2039  2089
2039  2210
2040  2090
2040  2211
2041  2091
2041  2121
2042  2102
2042  2192
2042  2212
2043  2142
2043  2143
2044  2193
2045  2193
2046  2144
2046  2145
2047  2103
2047  2194
2047  2215
2048  2104
2048  2194
2048  2216
2049  2146
2049  2147
2050  2195
2051  2195
2052  2148
2052  2149
2053  2105
2053  2196
2053  2219
2054  2106
2054  2196
2054  2220
2055  2150
2055  2151
2056  2197
2057  2197
2058  2152
2058  2153
2059  2107
2059  2198
2059  2223
2060  2108
2060  2198
2060  2224
2061  2154
2061  2155
2062  2199
2063  2199
2064  2156
2064  2157
2065  2109
2065  2200
2065  2227
2066  2110
2066  2200
2066  2228
2067  2158
2067  2159
2068  2201
2069  2201
2070  2160
2070  2161
2071  2111
2071  2192
2071  2231
2072  2102
2072  2132
2072  2232
2073  2213
2073  2233
2074  2214
2074  2234
2075  2103
2075  2133
2075  2235
2076  2104
2076  2134
2076  2236
2077  2217
2077  2237
2078  2218
2078  2238
2079  2105
2079  2135
2079  2239
2080  2106
2080  2136
2080  2240
2081  2221
2081  2241
2082  2222
2082  2242
2083  2107
2083  2137
2083  2243
2084  2108
2084  2138
2084  2244
2085  2225
2085  2245
2086  2226
2086  2246
2087  2109
2087  2139
2087  2247
2088  2110
2088  2140
2088  2248
2089  2229
2089  2249
2090  2230
2090  2250
2091  2111
2091  2141
2091  2251
2092  2163
2092  2202
2093  2164
2093  2203
2094  2167
2094  2204
2095  2168
2095  2205
2096  2171
2096  2206
2097  2172
2097  2207
2098  2175
2098  2208
2099  2176
2099  2209
2100  2179
2100  2210
2101  2180
2101  2211
2102  2292
2103  2293
2104  2294
2105  2295
2106  2296
2107  2297
2108  2298
2109  2299
2110  2300
2111  2301
2112  2132
2112  2272
2112  2302
2113  2133
2113  2275
2113  2303
2114  2134
2114  2276
2114  2304
2115  2135
2115  2279
2115  2305
2116  2136
2116  2280
2116  2306
2117  2137
2117  2283
2117  2307
2118  2138
2118  2284
2118  2308
2119  2139
2119  2287
2119  2309
2120  2140
2120  2288
2120  2310
2121  2141
2121  2291
2121  2311
2122  2193
2122  2312
2123  2193
2123  2313
2124  2195
2124  2314
2125  2195
2125  2315
2126  2197
2126  2316
2127  2197
2127  2317
2128  2199
2128  2318
2129  2199
2129  2319
2130  2201
2130  2320
2131  2201
2131  2321
2132  2322
2133  2323
2134  2324
2135  2325
2136  2326
2137  2327
2138  2328
2139  2329
2140  2330
2141  2331
2142  2162
2142  2252
2143  2163
2143  2252
2143  2332
2144  2164
2144  2253
2144  2333
2145  2165
2145  2253
2146  2166
2146  2254
2147  2167
2147  2254
2147  2334
2148  2168
2148  2255
2148  2335
2149  2169
2149  2255
2150  2170
2150  2256
2151  2171
2151  2256
2151  2336
2152  2172
2152  2257
2152  2337
2153  2173
2153  2257
2154  2174
2154  2258
2155  2175
2155  2258
2155  2338
2156  2176
2156  2259
2156  2339
2157  2177
2157  2259
2158  2178
2158  2260
2159  2179
2159  2260
2159  2340
2160  2180
2160  2261
2160  2341
2161  2181
2161  2261
2162  2262
2162  2272
2162  2342
2163  2273
2163  2343
2164  2274
2164  2344
2165  2263
2165  2275
2165  2345
2166  2264
2166  2276
2166  2346
2167  2277
2167  2347
2168  2278
2168  2348
2169  2265
2169  2279
2169  2349
2170  2266
2170  2280
2170  2350
2171  2281
2171  2351
2172  2282
2172  2352
2173  2267
2173  2283
2173  2353
2174  2268
2174  2284
2174  2354
2175  2285
2175  2355
2176  2286
2176  2356
2177  2269
2177  2287
2177  2357
2178  2270
2178  2288
2178  2358
2179  2289
2179  2359
2180  2290
2180  2360
2181  2271
2181  2291
2181  2361
2182  2233
2182  2312
2183  2234
2183  2313
2184  2237
2184  2314
2185  2238
2185  2315
2186  2241
2186  2316
2187  2242
2187  2317
2188  2245
2188  2318
2189  2246
2189  2319
2190  2249
2190  2320
2191  2250
2191  2321
2192  2362
2193  2363
2194  2364
2195  2365
2196  2366
2197  2367
2198  2368
2199  2369
2200  2370
2201  2371
2202  2213
2202  2273
2202  2372
2203  2214
2203  2274
2203  2373
2204  2217
2204  2277
2204  2374
2205  2218
2205  2278
2205  2375
2206  2221
2206  2281
2206  2376
2207  2222
2207  2282
2207  2377
2208  2225
2208  2285
2208  2378
2209  2226
2209  2286
2209  2379
2210  2229
2210  2289
2210  2380
2211  2230
2211  2290
2211  2381
2212  2292
2212  2362
2213  2403
2214  2404
2215  2293
2215  2364
2216  2294
2216  2364
2217  2407
2218  2408
2219  2295
2219  2366
2220  2296
2220  2366
2221  2411
2222  2412
2223  2297
2223  2368
2224  2298
2224  2368
2225  2415
2226  2416
2227  2299
2227  2370
2228  2300
2228  2370
2229  2419
2230  2420
2231  2301
2231  2362
2232  2292
2232  2322
2232  2382
2232  2402
2233  2383
2233  2403
2234  2384
2234  2404
2235  2293
2235  2323
2235  2385
2235  2405
2236  2294
2236  2324
2236  2386
2236  2406
2237  2387
2237  2407
2238  2388
2238  2408
2239  2295
2239  2325
2239  2389
2239  2409
2240  2296
2240  2326
2240  2390
2240  2410
2241  2391
2241  2411
2242  2392
2242  2412
2243  2297
2243  2327
2243  2393
2243  2413
2244  2298
2244  2328
2244  2394
2244  2414
2245  2395
2245  2415
2246  2396
2246  2416
2247  2299
2247  2329
2247  2397
2247  2417
2248  2300
2248  2330
2248  2398
2248  2418
2249  2399
2249  2419
2250  2400
2250  2420
2251  2301
2251  2331
2251  2401
2251  2421
2252  2262
2252  2423
2252  2424
2253  2263
2253  2425
2253  2426
2254  2264
2254  2429
2254  2430
2255  2265
2255  2431
2255  2432
2256  2266
2256  2435
2256  2436
2257  2267
2257  2437
2257  2438
2258  2268
2258  2441
2258  2442
2259  2269
2259  2443
2259  2444
2260  2270
2260  2447
2260  2448
2261  2271
2261  2449
2261  2450
2262  2452
2263  2453
2264  2454
2265  2455
2266  2456
2267  2457
2268  2458
2269  2459
2270  2460
2271  2461
2272  2472
2273  2473
2274  2474
2275  2475
2276  2476
2277  2477
2278  2478
2279  2479
2280  2480
2281  2481
2282  2482
2283  2483
2284  2484
2285  2485
2286  2486
2287  2487
2288  2488
2289  2489
2290  2490
2291  2491
2292  2422
2293  2427
2294  2428
2295  2433
2296  2434
2297  2439
2298  2440
2299  2445
2300  2446
2301  2451
2302  2322
2302  2472
2303  2323
2303  2475
2304  2324
2304  2476
2305  2325
2305  2479
2306  2326
2306  2480
2307  2327
2307  2483
2308  2328
2308  2484
2309  2329
2309  2487
2310  2330
2310  2488
2311  2331
2311  2491
2312  2363
2312  2383
2312  2492
2313  2363
2313  2384
2313  2493
2314  2365
2314  2387
2314  2494
2315  2365
2315  2388
2315  2495
2316  2367
2316  2391
2316  2496
2317  2367
2317  2392
2317  2497
2318  2369
2318  2395
2318  2498
2319  2369
2319  2396
2319  2499
2320  2371
2320  2399
2320  2500
2321  2371
2321  2400
2321  2501
2322  2502
2323  2505
2324  2506
2325  2509
2326  2510
2327  2513
2328  2514
2329  2517
2330  2518
2331  2521
2332  2343
2332  2424
2332  2462
2332  2522
2333  2344
2333  2425
2333  2463
2333  2523
2334  2347
2334  2430
2334  2464
2334  2524
2335  2348
2335  2431
2335  2465
2335  2525
2336  2351
2336  2436
2336  2466
2336  2526
2337  2352
2337  2437
2337  2467
2337  2527
2338  2355
2338  2442
2338  2468
2338  2528
2339  2356
2339  2443
2339  2469
2339  2529
2340  2359
2340  2448
2340  2470
2340  2530
2341  2360
2341  2449
2341  2471
2341  2531
2342  2452
2342  2472
2343  2473
2344  2474
2345  2453
2345  2475
2346  2454
2346  2476
2347  2477
2348  2478
2349  2455
2349  2479
2350  2456
2350  2480
2351  2481
2352  2482
2353  2457
2353  2483
2354  2458
2354  2484
2355  2485
2356  2486
2357  2459
2357  2487
2358  2460
2358  2488
2359  2489
2360  2490
2361  2461
2361  2491
2362  2422
2362  2451
2362  2576
2363  2532
2363  2533
2364  2427
2364  2428
2364  2564
2365  2534
2365  2535
2366  2433
2366  2434
2366  2567
2367  2536
2367  2537
2368  2439
2368  2440
2368  2570
2369  2538
2369  2539
2370  2445
2370  2446
2370  2573
2371  2540
2371  2541
2372  2403
2372  2473
2373  2404
2373  2474
2374  2407
2374  2477
2375  2408
2375  2478
2376  2411
2376  2481
2377  2412
2377  2482
2378  2415
2378  2485
2379  2416
2379  2486
2380  2419
2380  2489
2381  2420
2381  2490
2382  2422
2382  2542
2383  2543
2384  2544
2385  2427
2385  2545
2386  2428
2386  2546
2387  2547
2388  2548
2389  2433
2389  2549
2390  2434
2390  2550
2391  2551
2392  2552
2393  2439
2393  2553
2394  2440
2394  2554
2395  2555
2396  2556
2397  2445
2397  2557
2398  2446
2398  2558
2399  2559
2400  2560
2401  2451
2401  2561
2402  2502
2402  2542
2403  2503
2403  2543
2404  2504
2404  2544
2405  2505
2405  2545
2406  2506
2406  2546
2407  2507
2407  2547
2408  2508
2408  2548
2409  2509
2409  2549
2410  2510
2410  2550
2411  2511
2411  2551
2412  2512
2412  2552
2413  2513
2413  2553
2414  2514
2414  2554
2415  2515
2415  2555
2416  2516
2416  2556
2417  2517
2417  2557
2418  2518
2418  2558
2419  2519
2419  2559
2420  2520
2420  2560
2421  2521
2421  2561
2422  2577
2422  2627
2423  2452
2423  2607
2424  2607
2425  2608
2426  2453
2426  2608
2427  2580
2427  2630
2428  2581
2428  2631
2429  2454
2429  2609
2430  2609
2431  2610
2432  2455
2432  2610
2433  2584
2433  2634
2434  2585
2434  2635
2435  2456
2435  2611
2436  2611
2437  2612
2438  2457
2438  2612
2439  2588
2439  2638
2440  2589
2440  2639
2441  2458
2441  2613
2442  2613
2443  2614
2444  2459
2444  2614
2445  2592
2445  2642
2446  2593
2446  2643
2447  2460
2447  2615
2448  2615
2449  2616
2450  2461
2450  2616
2451  2596
2451  2646
2452  2562
2452  2617
2453  2563
2453  2618
2454  2565
2454  2619
2455  2566
2455  2620
2456  2568
2456  2621
2457  2569
2457  2622
2458  2571
2458  2623
2459  2572
2459  2624
2460  2574
2460  2625
2461  2575
2461  2626
2462  2473
2462  2628
2463  2474
2463  2629
2464  2477
2464  2632
2465  2478
2465  2633
2466  2481
2466  2636
2467  2482
2467  2637
2468  2485
2468  2640
2469  2486
2469  2641
2470  2489
2470  2644
2471  2490
2471  2645
2472  2502
2472  2562
2472  2667
2472  2687
2473  2503
2473  2597
2473  2668
2474  2504
2474  2598
2474  2669
2475  2505
2475  2563
2475  2670
2475  2688
2476  2506
2476  2565
2476  2671
2476  2689
2477  2507
2477  2599
2477  2672
2478  2508
2478  2600
2478  2673
2479  2509
2479  2566
2479  2674
2479  2690
2480  2510
2480  2568
2480  2675
2480  2691
2481  2511
2481  2601
2481  2676
2482  2512
2482  2602
2482  2677
2483  2513
2483  2569
2483  2678
2483  2692
2484  2514
2484  2571
2484  2679
2484  2693
2485  2515
2485  2603
2485  2680
2486  2516
2486  2604
2486  2681
2487  2517
2487  2572
2487  2682
2487  2694
2488  2518
2488  2574
2488  2683
2488  2695
2489  2519
2489  2605
2489  2684
2490  2520
2490  2606
2490  2685
2491  2521
2491  2575
2491  2686
2491  2696
2492  2532
2492  2543
2493  2533
2493  2544
2494  2534
2494  2547
2495  2535
2495  2548
2496  2536
2496  2551
2497  2537
2497  2552
2498  2538
2498  2555
2499  2539
2499  2556
2500  2540
2500  2559
2501  2541
2501  2560
2502  2647
2502  2697
2503  2648
2504  2649
2505  2650
2505  2699
2506  2651
2506  2700
2507  2652
2508  2653
2509  2654
2509  2702
2510  2655
2510  2703
2511  2656
2512  2657
2513  2658
2513  2705
2514  2659
2514  2706
2515  2660
2516  2661
2517  2662
2517  2708
2518  2663
2518  2709
2519  2664
2520  2665
2521  2666
2521  2711
2522  2607
2522  2628
2523  2608
2523  2629
2524  2609
2524  2632
2525  2610
2525  2633
2526  2611
2526  2636
2527  2612
2527  2637
2528  2613
2528  2640
2529  2614
2529  2641
2530  2615
2530  2644
2531  2616
2531  2645
2532  2578
2532  2698
2532  2713
2533  2579
2533  2698
2533  2714
2534  2582
2534  2701
2534  2717
2535  2583
2535  2701
2535  2718
2536  2586
2536  2704
2536  2721
2537  2587
2537  2704
2537  2722
2538  2590
2538  2707
2538  2725
2539  2591
2539  2707
2539  2726
2540  2594
2540  2710
2540  2729
2541  2595
2541  2710
2541  2730
2542  2577
2542  2647
2542  2752
2543  2578
2543  2648
2543  2755
2544  2579
2544  2649
2544  2756
2545  2580
2545  2650
2545  2759
2546  2581
2546  2651
2546  2760
2547  2582
2547  2652
2547  2763
2548  2583
2548  2653
2548  2764
2549  2584
2549  2654
2549  2767
2550  2585
2550  2655
2550  2768
2551  2586
2551  2656
2551  2771
2552  2587
2552  2657
2552  2772
2553  2588
2553  2658
2553  2775
2554  2589
2554  2659
2554  2776
2555  2590
2555  2660
2555  2779
2556  2591
2556  2661
2556  2780
2557  2592
2557  2662
2557  2783
2558  2593
2558  2663
2558  2784
2559  2594
2559  2664
2559  2787
2560  2595
2560  2665
2560  2788
2561  2596
2561  2666
2561  2791
2562  2753
2563  2758
2564  2630
2564  2631
2564  2715
2564  2716
2565  2761
2566  2766
2567  2634
2567  2635
2567  2719
2567  2720
2568  2769
2569  2774
2570  2638
2570  2639
2570  2723
2570  2724
2571  2777
2572  2782
2573  2642
2573  2643
2573  2727
2573  2728
2574  2785
2575  2790
2576  2627
2576  2646
2576  2712
2576  2731
2577  2802
2578  2803
2579  2804
2580  2805
2581  2806
2582  2807
2583  2808
2584  2809
2585  2810
2586  2811
2587  2812
2588  2813
2589  2814
2590  2815
2591  2816
2592  2817
2593  2818
2594  2819
2595  2820
2596  2821
2597  2648
2597  2792
2598  2649
2598  2793
2599  2652
2599  2794
2600  2653
2600  2795
2601  2656
2601  2796
2602  2657
2602  2797
2603  2660
2603  2798
2604  2661
2604  2799
2605  2664
2605  2800
2606  2665
2606  2801
2607  2617
2607  2732
2607  2733
2607  2822
2608  2618
2608  2734
2608  2735
2608  2825
2609  2619
2609  2736
2609  2737
2609  2826
2610  2620
2610  2738
2610  2739
2610  2829
2611  2621
2611  2740
2611  2741
2611  2830
2612  2622
2612  2742
2612  2743
2612  2833
2613  2623
2613  2744
2613  2745
2613  2834
2614  2624
2614  2746
2614  2747
2614  2837
2615  2625
2615  2748
2615  2749
2615  2838
2616  2626
2616  2750
2616  2751
2616  2841
2617  2753
2618  2758
2619  2761
2620  2766
2621  2769
2622  2774
2623  2777
2624  2782
2625  2785
2626  2790
2627  2802
2628  2668
2628  2733
2629  2669
2629  2734
2630  2805
2631  2806
2632  2672
2632  2737
2633  2673
2633  2738
2634  2809
2635  2810
2636  2676
2636  2741
2637  2677
2637  2742
2638  2813
2639  2814
2640  2680
2640  2745
2641  2681
2641  2746
2642  2817
2643  2818
2644  2684
2644  2749
2645  2685
2645  2750
2646  2821
2647  2842
2648  2823
2648  2843
2649  2824
2649  2844
2650  2845
2651  2846
2652  2827
2652  2847
2653  2828
2653  2848
2654  2849
2655  2850
2656  2831
2656  2851
2657  2832
2657  2852
2658  2853
2659  2854
2660  2835
2660  2855
2661  2836
2661  2856
2662  2857
2663  2858
2664  2839
2664  2859
2665  2840
2665  2860
2666  2861
2667  2753
2667  2862
2668  2754
2668  2792
2668  2863
2669  2757
2669  2793
2669  2864
2670  2758
2670  2865
2671  2761
2671  2866
2672  2762
2672  2794
2672  2867
2673  2765
2673  2795
2673  2868
2674  2766
2674  2869
2675  2769
2675  2870
2676  2770
2676  2796
2676  2871
2677  2773
2677  2797
2677  2872
2678  2774
2678  2873
2679  2777
2679  2874
2680  2778
2680  2798
2680  2875
2681  2781
2681  2799
2681  2876
2682  2782
2682  2877
2683  2785
2683  2878
2684  2786
2684  2800
2684  2879
2685  2789
2685  2801
2685  2880
2686  2790
2686  2881
2687  2697
2687  2862
2688  2699
2688  2865
2689  2700
2689  2866
2690  2702
2690  2869
2691  2703
2691  2870
2692  2705
2692  2873
2693  2706
2693  2874
2694  2708
2694  2877
2695  2709
2695  2878
2696  2711
2696  2881
2697  2842
2697  2882
2698  2903
2699  2845
2699  2883
2700  2846
2700  2884
2701  2905
2702  2849
2702  2885
2703  2850
2703  2886
2704  2907
2705  2853
2705  2887
2706  2854
2706  2888
2707  2909
2708  2857
2708  2889
2709  2858
2709  2890
2710  2911
2711  2861
2711  2891
2712  2802
2712  2902
2713  2803
2713  2903
2714  2804
2714  2903
2715  2805
2715  2904
2716  2806
2716  2904
2717  2807
2717  2905
2718  2808
2718  2905
2719  2809
2719  2906
2720  2810
2720  2906
2721  2811
2721  2907
2722  2812
2722  2907
2723  2813
2723  2908
2724  2814
2724  2908
2725  2815
2725  2909
2726  2816
2726  2909
2727  2817
2727  2910
2728  2818
2728  2910
2729  2819
2729  2911
2730  2820
2730  2911
2731  2821
2731  2902
2732  2753
2732  2942
2733  2754
2733  2932
2733  2943
2734  2757
2734  2933
2734  2944
2735  2758
2735  2945
2736  2761
2736  2946
2737  2762
2737  2934
2737  2947
2738  2765
2738  2935
2738  2948
2739  2766
2739  2949
2740  2769
2740  2950
2741  2770
2741  2936
2741  2951
2742  2773
2742  2937
2742  2952
2743  2774
2743  2953
2744  2777
2744  2954
2745  2778
2745  2938
2745  2955
2746  2781
2746  2939
2746  2956
2747  2782
2747  2957
2748  2785
2748  2958
2749  2786
2749  2940
2749  2959
2750  2789
2750  2941
2750  2960
2751  2790
2751  2961
2752  2802
2752  2842
2753  2962
2754  2963
2755  2803
2755  2843
2755  2912
2755  2922
2756  2804
2756  2844
2756  2913
2756  2923
2757  2964
2758  2965
2759  2805
2759  2845
2760  2806
2760  2846
2761  2966
2762  2967
2763  2807
2763  2847
2763  2914
2763  2924
2764  2808
2764  2848
2764  2915
2764  2925
2765  2968
2766  2969
2767  2809
2767  2849
2768  2810
2768  2850
2769  2970
2770  2971
2771  2811
2771  2851
2771  2916
2771  2926
2772  2812
2772  2852
2772  2917
2772  2927
2773  2972
2774  2973
2775  2813
2775  2853
2776  2814
2776  2854
2777  2974
2778  2975
2779  2815
2779  2855
2779  2918
2779  2928
2780  2816
2780  2856
2780  2919
2780  2929
2781  2976
2782  2977
2783  2817
2783  2857
2784  2818
2784  2858
2785  2978
2786  2979
2787  2819
2787  2859
2787  2920
2787  2930
2788  2820
2788  2860
2788  2921
2788  2931
2789  2980
2790  2981
2791  2821
2791  2861
2792  2823
2792  3013
2793  2824
2793  3014
2794  2827
2794  3017
2795  2828
2795  3018
2796  2831
2796  3021
2797  2832
2797  3022
2798  2835
2798  3025
2799  2836
2799  3026
2800  2839
2800  3029
2801  2840
2801  3030
2802  2892
2802  2982
2802  3002
2803  2983
2804  2984
2805  2893
2805  2985
2805  3003
2806  2894
2806  2986
2806  3004
2807  2987
2808  2988
2809  2895
2809  2989
2809  3005
2810  2896
2810  2990
2810  3006
2811  2991
2812  2992
2813  2897
2813  2993
2813  3007
2814  2898
2814  2994
2814  3008
2815  2995
2816  2996
2817  2899
2817  2997
2817  3009
2818  2900
2818  2998
2818  3010
2819  2999
2820  3000
2821  2901
2821  3001
2821  3011
2822  2932
2822  2942
2823  3033
2824  3034
2825  2933
2825  2945
2826  2934
2826  2946
2827  3037
2828  3038
2829  2935
2829  2949
2830  2936
2830  2950
2831  3041
2832  3042
2833  2937
2833  2953
2834  2938
2834  2954
2835  3045
2836  3046
2837  2939
2837  2957
2838  2940
2838  2958
2839  3049
2840  3050
2841  2941
2841  2961
2842  2892
2842  3032
2843  3033
2844  3034
2845  2893
2845  3035
2846  2894
2846  3036
2847  3037
2848  3038
2849  2895
2849  3039
2850  2896
2850  3040
2851  3041
2852  3042
2853  2897
2853  3043
2854  2898
2854  3044
2855  3045
2856  3046
2857  2899
2857  3047
2858  2900
2858  3048
2859  3049
2860  3050
2861  2901
2861  3051
2862  2882
2862  2962
2862  3012
2863  2963
2863  3013
2864  2964
2864  3014
2865  2883
2865  2965
2865  3015
2866  2884
2866  2966
2866  3016
2867  2967
2867  3017
2868  2968
2868  3018
2869  2885
2869  2969
2869  3019
2870  2886
2870  2970
2870  3020
2871  2971
2871  3021
2872  2972
2872  3022
2873  2887
2873  2973
2873  3023
2874  2888
2874  2974
2874  3024
2875  2975
2875  3025
2876  2976
2876  3026
2877  2889
2877  2977
2877  3027
2878  2890
2878  2978
2878  3028
2879  2979
2879  3029
2880  2980
2880  3030
2881  2891
2881  2981
2881  3031
2882  3032
2883  3035
2884  3036
2885  3039
2886  3040
2887  3043
2888  3044
2889  3047
2890  3048
2891  3051
2892  3057
2893  3060
2894  3061
2895  3064
2896  3065
2897  3068
2898  3069
2899  3072
2900  3073
2901  3076
2902  2982
2902  3001
2903  2983
2903  2984
2903  3107
2904  2985
2904  2986
2905  2987
2905  2988
2905  3108
2906  2989
2906  2990
2907  2991
2907  2992
2907  3109
2908  2993
2908  2994
2909  2995
2909  2996
2909  3110
2910  2997
2910  2998
2911  2999
2911  3000
2911  3111
2912  2983
2912  3077
2913  2984
2913  3078
2914  2987
2914  3079
2915  2988
2915  3080
2916  2991
2916  3081
2917  2992
2917  3082
2918  2995
2918  3083
2919  2996
2919  3084
2920  2999
2920  3085
2921  3000
2921  3086
2922  3033
2922  3077
2923  3034
2923  3078
2924  3037
2924  3079
2925  3038
2925  3080
2926  3041
2926  3081
2927  3042
2927  3082
2928  3045
2928  3083
2929  3046
2929  3084
2930  3049
2930  3085
2931  3050
2931  3086
2932  3058
2932  3124
2933  3059
2933  3127
2934  3062
2934  3132
2935  3063
2935  3135
2936  3066
2936  3140
2937  3067
2937  3143
2938  3070
2938  3148
2939  3071
2939  3151
2940  3074
2940  3156
2941  3075
2941  3159
2942  2962
2942  3058
2942  3123
2943  2963
2943  3124
2944  2964
2944  3127
2945  2965
2945  3059
2945  3128
2946  2966
2946  3062
2946  3131
2947  2967
2947  3132
2948  2968
2948  3135
2949  2969
2949  3063
2949  3136
2950  2970
2950  3066
2950  3139
2951  2971
2951  3140
2952  2972
2952  3143
2953  2973
2953  3067
2953  3144
2954  2974
2954  3070
2954  3147
2955  2975
2955  3148
2956  2976
2956  3151
2957  2977
2957  3071
2957  3152
2958  2978
2958  3074
2958  3155
2959  2979
2959  3156
2960  2980
2960  3159
2961  2981
2961  3075
2961  3160
2962  3087
2962  3162
2963  3088
2963  3163
2964  3089
2964  3164
2965  3090
2965  3165
2966  3091
2966  3166
2967  3092
2967  3167
2968  3093
2968  3168
2969  3094
2969  3169
2970  3095
2970  3170
2971  3096
2971  3171
2972  3097
2972  3172
2973  3098
2973  3173
2974  3099
2974  3174
2975  3100
2975  3175
2976  3101
2976  3176
2977  3102
2977  3177
2978  3103
2978  3178
2979  3104
2979  3179
2980  3105
2980  3180
2981  3106
2981  3181
2982  3052
2982  3122
2982  3182
2983  3125
2983  3184
2984  3126
2984  3185
2985  3053
2985  3129
2985  3187
2986  3053
2986  3130
2986  3188
2987  3133
2987  3190
2988  3134
2988  3191
2989  3054
2989  3137
2989  3193
2990  3054
2990  3138
2990  3194
2991  3141
2991  3196
2992  3142
2992  3197
2993  3055
2993  3145
2993  3199
2994  3055
2994  3146
2994  3200
2995  3149
2995  3202
2996  3150
2996  3203
2997  3056
2997  3153
2997  3205
2998  3056
2998  3154
2998  3206
2999  3157
2999  3208
3000  3158
3000  3209
3001  3052
3001  3161
3001  3211
3002  3057
3002  3122
3003  3060
3003  3129
3004  3061
3004  3130
3005  3064
3005  3137
3006  3065
3006  3138
3007  3068
3007  3145
3008  3069
3008  3146
3009  3072
3009  3153
3010  3073
3010  3154
3011  3076
3011  3161
3012  3032
3012  3087
3013  3033
3013  3088
3013  3212
3014  3034
3014  3089
3014  3213
3015  3035
3015  3090
3016  3036
3016  3091
3017  3037
3017  3092
3017  3214
3018  3038
3018  3093
3018  3215
3019  3039
3019  3094
3020  3040
3020  3095
3021  3041
3021  3096
3021  3216
3022  3042
3022  3097
3022  3217
3023  3043
3023  3098
3024  3044
3024  3099
3025  3045
3025  3100
3025  3218
3026  3046
3026  3101
3026  3219
3027  3047
3027  3102
3028  3048
3028  3103
3029  3049
3029  3104
3029  3220
3030  3050
3030  3105
3030  3221
3031  3051
3031  3106
3032  3057
3032  3112
3032  3242
3033  3183
3033  3222
3033  3243
3034  3186
3034  3223
3034  3244
3035  3060
3035  3113
3035  3245
3036  3061
3036  3114
3036  3246
3037  3189
3037  3224
3037  3247
3038  3192
3038  3225
3038  3248
3039  3064
3039  3115
3039  3249
3040  3065
3040  3116
3040  3250
3041  3195
3041  3226
3041  3251
3042  3198
3042  3227
3042  3252
3043  3068
3043  3117
3043  3253
3044  3069
3044  3118
3044  3254
3045  3201
3045  3228
3045  3255
3046  3204
3046  3229
3046  3256
3047  3072
3047  3119
3047  3257
3048  3073
3048  3120
3048  3258
3049  3207
3049  3230
3049  3259
3050  3210
3050  3231
3050  3260
3051  3076
3051  3121
3051  3261
3052  3266
3053  3262
3054  3263
3055  3264
3056  3265
3057  3232
3057  3287
3058  3267
3059  3268
3060  3233
3060  3290
3061  3234
3061  3291
3062  3269
3063  3270
3064  3235
3064  3294
3065  3236
3065  3295
3066  3271
3067  3272
3068  3237
3068  3298
3069  3238
3069  3299
3070  3273
3071  3274
3072  3239
3072  3302
3073  3240
3073  3303
3074  3275
3075  3276
3076  3241
3076  3306
3077  3125
3077  3183
3077  3328
3078  3126
3078  3186
3078  3329
3079  3133
3079  3189
3079  3332
3080  3134
3080  3192
3080  3333
3081  3141
3081  3195
3081  3336
3082  3142
3082  3198
3082  3337
3083  3149
3083  3201
3083  3340
3084  3150
3084  3204
3084  3341
3085  3157
3085  3207
3085  3344
3086  3158
3086  3210
3086  3345
3087  3112
3087  3307
3087  3327
3088  3308
3089  3309
3090  3113
3090  3310
3090  3330
3091  3114
3091  3311
3091  3331
3092  3312
3093  3313
3094  3115
3094  3314
3094  3334
3095  3116
3095  3315
3095  3335
3096  3316
3097  3317
3098  3117
3098  3318
3098  3338
3099  3118
3099  3319
3099  3339
3100  3320
3101  3321
3102  3119
3102  3322
3102  3342
3103  3120
3103  3323
3103  3343
3104  3324
3105  3325
3106  3121
3106  3326
3106  3346
3107  3184
3107  3185
3108  3190
3108  3191
3109  3196
3109  3197
3110  3202
3110  3203
3111  3208
3111  3209
3112  3347
3113  3348
3114  3349
3115  3350
3116  3351
3117  3352
3118  3353
3119  3354
3120  3355
3121  3356
3122  3232
3122  3357
3123  3162
3123  3267
3124  3163
3124  3267
3124  3288
3125  3358
3126  3359
3127  3164
3127  3268
3127  3289
3128  3165
3128  3268
3129  3233
3129  3360
3130  3234
3130  3361
3131  3166
3131  3269
3132  3167
3132  3269
3132  3292
3133  3362
3134  3363
3135  3168
3135  3270
3135  3293
3136  3169
3136  3270
3137  3235
3137  3364
3138  3236
3138  3365
3139  3170
3139  3271
3140  3171
3140  3271
3140  3296
3141  3366
3142  3367
3143  3172
3143  3272
3143  3297
3144  3173
3144  3272
3145  3237
3145  3368
3146  3238
3146  3369
3147  3174
3147  3273
3148  3175
3148  3273
3148  3300
3149  3370
3150  3371
3151  3176
3151  3274
3151  3301
3152  3177
3152  3274
3153  3239
3153  3372
3154  3240
3154  3373
3155  3178
3155  3275
3156  3179
3156  3275
3156  3304
3157  3374
3158  3375
3159  3180
3159  3276
3159  3305
3160  3181
3160  3276
3161  3241
3161  3376
3162  3277
3162  3307
3162  3377
3163  3308
3164  3309
3165  3278
3165  3310
3165  3378
3166  3279
3166  3311
3166  3379
3167  3312
3168  3313
3169  3280
3169  3314
3169  3380
3170  3281
3170  3315
3170  3381
3171  3316
3172  3317
3173  3282
3173  3318
3173  3382
3174  3283
3174  3319
3174  3383
3175  3320
3176  3321
3177  3284
3177  3322
3177  3384
3178  3285
3178  3323
3178  3385
3179  3324
3180  3325
3181  3286
3181  3326
3181  3386
3182  3266
3182  3357
3183  3388
3184  3358
3185  3359
3186  3389
3187  3262
3187  3360
3188  3262
3188  3361
3189  3392
3190  3362
3191  3363
3192  3393
3193  3263
3193  3364
3194  3263
3194  3365
3195  3396
3196  3366
3197  3367
3198  3397
3199  3264
3199  3368
3200  3264
3200  3369
3201  3400
3202  3370
3203  3371
3204  3401
3205  3265
3205  3372
3206  3265
3206  3373
3207  3404
3208  3374
3209  3375
3210  3405
3211  3266
3211  3376
3212  3222
3212  3308
3212  3408
3213  3223
3213  3309
3213  3409
3214  3224
3214  3312
3214  3412
3215  3225
3215  3313
3215  3413
3216  3226
3216  3316
3216  3416
3217  3227
3217  3317
3217  3417
3218  3228
3218  3320
3218  3420
3219  3229
3219  3321
3219  3421
3220  3230
3220  3324
3220  3424
3221  3231
3221  3325
3221  3425
3222  3438
3223  3439
3224  3442
3225  3443
3226  3446
3227  3447
3228  3450
3229  3451
3230  3454
3231  3455
3232  3457
3233  3460
3234  3461
3235  3464
3236  3465
3237  3468
3238  3469
3239  3472
3240  3473
3241  3476
3242  3287
3242  3347
3242  3387
3242  3437
3243  3388
3243  3438
3244  3389
3244  3439
3245  3290
3245  3348
3245  3390
3245  3440
3246  3291
3246  3349
3246  3391
3246  3441
3247  3392
3247  3442
3248  3393
3248  3443
3249  3294
3249  3350
3249  3394
3249  3444
3250  3295
3250  3351
3250  3395
3250  3445
3251  3396
3251  3446
3252  3397
3252  3447
3253  3298
3253  3352
3253  3398
3253  3448
3254  3299
3254  3353
3254  3399
3254  3449
3255  3400
3255  3450
3256  3401
3256  3451
3257  3302
3257  3354
3257  3402
3257  3452
3258  3303
3258  3355
3258  3403
3258  3453
3259  3404
3259  3454
3260  3405
3260  3455
3261  3306
3261  3356
3261  3406
3261  3456
3262  3428
3262  3429
3263  3430
3263  3431
3264  3432
3264  3433
3265  3434
3265  3435
3266  3427
3266  3436
3267  3277
3267  3407
3267  3477
3267  3478
3268  3278
3268  3410
3268  3479
3268  3480
3269  3279
3269  3411
3269  3481
3269  3482
3270  3280
3270  3414
3270  3483
3270  3484
3271  3281
3271  3415
3271  3485
3271  3486
3272  3282
3272  3418
3272  3487
3272  3488
3273  3283
3273  3419
3273  3489
3273  3490
3274  3284
3274  3422
3274  3491
3274  3492
3275  3285
3275  3423
3275  3493
3275  3494
3276  3286
3276  3426
3276  3495
3276  3496
3277  3497
3278  3498
3279  3499
3280  3500
3281  3501
3282  3502
3283  3503
3284  3504
3285  3505
3286  3506
3287  3457
3288  3308
3288  3407
3288  3507
3289  3309
3289  3410
3289  3508
3290  3460
3291  3461
3292  3312
3292  3411
3292  3509
3293  3313
3293  3414
3293  3510
3294  3464
3295  3465
3296  3316
3296  3415
3296  3511
3297  3317
3297  3418
3297  3512
3298  3468
3299  3469
3300  3320
3300  3419
3300  3513
3301  3321
3301  3422
3301  3514
3302  3472
3303  3473
3304  3324
3304  3423
3304  3515
3305  3325
3305  3426
3305  3516
3306  3476
3307  3517
3308  3518
3309  3519
3310  3520
3311  3521
3312  3522
3313  3523
3314  3524
3315  3525
3316  3526
3317  3527
3318  3528
3319  3529
3320  3530
3321  3531
3322  3532
3323  3533
3324  3534
3325  3535
3326  3536
3327  3347
3327  3517
3328  3358
3328  3388
3329  3359
3329  3389
3330  3348
3330  3520
3331  3349
3331  3521
3332  3362
3332  3392
3333  3363
3333  3393
3334  3350
3334  3524
3335  3351
3335  3525
3336  3366
3336  3396
3337  3367
3337  3397
3338  3352
3338  3528
3339  3353
3339  3529
3340  3370
3340  3400
3341  3371
3341  3401
3342  3354
3342  3532
3343  3355
3343  3533
3344  3374
3344  3404
3345  3375
3345  3405
3346  3356
3346  3536
3347  3538
3348  3541
3349  3544
3350  3547
3351  3550
3352  3553
3353  3556
3354  3559
3355  3562
3356  3565
3357  3427
3357  3457
3357  3537
3358  3458
3359  3459
3360  3428
3360  3460
3360  3542
3361  3429
3361  3461
3361  3543
3362  3462
3363  3463
3364  3430
3364  3464
3364  3548
3365  3431
3365  3465
3365  3549
3366  3466
3367  3467
3368  3432
3368  3468
3368  3554
3369  3433
3369  3469
3369  3555
3370  3470
3371  3471
3372  3434
3372  3472
3372  3560
3373  3435
3373  3473
3373  3561
3374  3474
3375  3475
3376  3436
3376  3476
3376  3566
3377  3497
3377  3517
3378  3498
3378  3520
3379  3499
3379  3521
3380  3500
3380  3524
3381  3501
3381  3525
3382  3502
3382  3528
3383  3503
3383  3529
3384  3504
3384  3532
3385  3505
3385  3533
3386  3506
3386  3536
3387  3457
3387  3567
3388  3458
3388  3568
3389  3459
3389  3569
3390  3460
3390  3570
3391  3461
3391  3571
3392  3462
3392  3572
3393  3463
3393  3573
3394  3464
3394  3574
3395  3465
3395  3575
3396  3466
3396  3576
3397  3467
3397  3577
3398  3468
3398  3578
3399  3469
3399  3579
3400  3470
3400  3580
3401  3471
3401  3581
3402  3472
3402  3582
3403  3473
3403  3583
3404  3474
3404  3584
3405  3475
3405  3585
3406  3476
3406  3586
3407  3593
3408  3438
3408  3518
3409  3439
3409  3519
3410  3594
3411  3597
3412  3442
3412  3522
3413  3443
3413  3523
3414  3598
3415  3601
3416  3446
3416  3526
3417  3447
3417  3527
3418  3602
3419  3605
3420  3450
3420  3530
3421  3451
3421  3531
3422  3606
3423  3609
3424  3454
3424  3534
3425  3455
3425  3535
3426  3610
3427  3587
3428  3588
3429  3588
3430  3589
3431  3589
3432  3590
3433  3590
3434  3591
3435  3591
3436  3587
3437  3538
3437  3567
3438  3539
3438  3568
3439  3540
3439  3569
3440  3541
3440  3570
3441  3544
3441  3571
3442  3545
3442  3572
3443  3546
3443  3573
3444  3547
3444  3574
3445  3550
3445  3575
3446  3551
3446  3576
3447  3552
3447  3577
3448  3553
3448  3578
3449  3556
3449  3579
3450  3557
3450  3580
3451  3558
3451  3581
3452  3559
3452  3582
3453  3562
3453  3583
3454  3563
3454  3584
3455  3564
3455  3585
3456  3565
3456  3586
3457  3592
3457  3632
3457  3662
3458  3633
3459  3634
3460  3595
3460  3635
3460  3663
3461  3596
3461  3636
3461  3664
3462  3637
3463  3638
3464  3599
3464  3639
3464  3665
3465  3600
3465  3640
3465  3666
3466  3641
3467  3642
3468  3603
3468  3643
3468  3667
3469  3604
3469  3644
3469  3668
3470  3645
3471  3646
3472  3607
3472  3647
3472  3669
3473  3608
3473  3648
3473  3670
3474  3649
3475  3650
3476  3611
3476  3651
3476  3671
3477  3497
3477  3673
3478  3593
3478  3673
3479  3594
3479  3676
3480  3498
3480  3676
3481  3499
3481  3679
3482  3597
3482  3679
3483  3598
3483  3682
3484  3500
3484  3682
3485  3501
3485  3685
3486  3601
3486  3685
3487  3602
3487  3688
3488  3502
3488  3688
3489  3503
3489  3691
3490  3605
3490  3691
3491  3606
3491  3694
3492  3504
3492  3694
3493  3505
3493  3697
3494  3609
3494  3697
3495  3610
3495  3700
3496  3506
3496  3700
3497  3612
3497  3702
3498  3615
3498  3703
3499  3616
3499  3704
3500  3619
3500  3705
3501  3620
3501  3706
3502  3623
3502  3707
3503  3624
3503  3708
3504  3627
3504  3709
3505  3628
3505  3710
3506  3631
3506  3711
3507  3518
3507  3593
3508  3519
3508  3594
3509  3522
3509  3597
3510  3523
3510  3598
3511  3526
3511  3601
3512  3527
3512  3602
3513  3530
3513  3605
3514  3531
3514  3606
3515  3534
3515  3609
3516  3535
3516  3610
3517  3538
3517  3612
3517  3712
3517  3732
3518  3539
3518  3613
3518  3652
3518  3713
3519  3540
3519  3614
3519  3653
3519  3714
3520  3541
3520  3615
3520  3715
3520  3733
3521  3544
3521  3616
3521  3716
3521  3734
3522  3545
3522  3617
3522  3654
3522  3717
3523  3546
3523  3618
3523  3655
3523  3718
3524  3547
3524  3619
3524  3719
3524  3735
3525  3550
3525  3620
3525  3720
3525  3736
3526  3551
3526  3621
3526  3656
3526  3721
3527  3552
3527  3622
3527  3657
3527  3722
3528  3553
3528  3623
3528  3723
3528  3737
3529  3556
3529  3624
3529  3724
3529  3738
3530  3557
3530  3625
3530  3658
3530  3725
3531  3558
3531  3626
3531  3659
3531  3726
3532  3559
3532  3627
3532  3727
3532  3739
3533  3562
3533  3628
3533  3728
3533  3740
3534  3563
3534  3629
3534  3660
3534  3729
3535  3564
3535  3630
3535  3661
3535  3730
3536  3565
3536  3631
3536  3731
3536  3741
3537  3587
3537  3592
3538  3672
3538  3742
3539  3674
3540  3675
3541  3677
3541  3743
3542  3588
3542  3595
3543  3588
3543  3596
3544  3678
3544  3744
3545  3680
3546  3681
3547  3683
3547  3745
3548  3589
3548  3599
3549  3589
3549  3600
3550  3684
3550  3746
3551  3686
3552  3687
3553  3689
3553  3747
3554  3590
3554  3603
3555  3590
3555  3604
3556  3690
3556  3748
3557  3692
3558  3693
3559  3695
3559  3749
3560  3591
3560  3607
3561  3591
3561  3608
3562  3696
3562  3750
3563  3698
3564  3699
3565  3701
3565  3751
3566  3587
3566  3611
3567  3632
3567  3672
3567  3752
3568  3633
3568  3674
3568  3753
3569  3634
3569  3675
3569  3754
3570  3635
3570  3677
3570  3755
3571  3636
3571  3678
3571  3756
3572  3637
3572  3680
3572  3757
3573  3638
3573  3681
3573  3758
3574  3639
3574  3683
3574  3759
3575  3640
3575  3684
3575  3760
3576  3641
3576  3686
3576  3761
3577  3642
3577  3687
3577  3762
3578  3643
3578  3689
3578  3763
3579  3644
3579  3690
3579  3764
3580  3645
3580  3692
3580  3765
3581  3646
3581  3693
3581  3766
3582  3647
3582  3695
3582  3767
3583  3648
3583  3696
3583  3768
3584  3649
3584  3698
3584  3769
3585  3650
3585  3699
3585  3770
3586  3651
3586  3701
3586  3771
3592  3812
3593  3613
3593  3773
3594  3614
3594  3774
3595  3813
3596  3814
3597  3617
3597  3777
3598  3618
3598  3778
3599  3815
3600  3816
3601  3621
3601  3781
3602  3622
3602  3782
3603  3817
3604  3818
3605  3625
3605  3785
3606  3626
3606  3786
3607  3819
3608  3820
3609  3629
3609  3789
3610  3630
3610  3790
3611  3821
3612  3792
3613  3793
3614  3794
3615  3795
3616  3796
3617  3797
3618  3798
3619  3799
3620  3800
3621  3801
3622  3802
3623  3803
3624  3804
3625  3805
3626  3806
3627  3807
3628  3808
3629  3809
3630  3810
3631  3811
3632  3822
3635  3823
3636  3824
3639  3825
3640  3826
3643  3827
3644  3828
3647  3829
3648  3830
3651  3831
3652  3674
3652  3832
3653  3675
3653  3833
3654  3680
3654  3834
3655  3681
3655  3835
3656  3686
3656  3836
3657  3687
3657  3837
3658  3692
3658  3838
3659  3693
3659  3839
3660  3698
3660  3840
3661  3699
3661  3841
3662  3812
3662  3822
3663  3813
3663  3823
3664  3814
3664  3824
3665  3815
3665  3825
3666  3816
3666  3826
3667  3817
3667  3827
3668  3818
3668  3828
3669  3819
3669  3829
3670  3820
3670  3830
3671  3821
3671  3831
3672  3852
3673  3702
3673  3772
3673  3773
3674  3842
3674  3853
3675  3843
3675  3854
3676  3703
3676  3774
3676  3775
3677  3855
3678  3856
3679  3704
3679  3776
3679  3777
3680  3844
3680  3857
3681  3845
3681  3858
3682  3705
3682  3778
3682  3779
3683  3859
3684  3860
3685  3706
3685  3780
3685  3781
3686  3846
3686  3861
3687  3847
3687  3862
3688  3707
3688  3782
3688  3783
3689  3863
3690  3864
3691  3708
3691  3784
3691  3785
3692  3848
3692  3865
3693  3849
3693  3866
3694  3709
3694  3786
3694  3787
3695  3867
3696  3868
3697  3710
3697  3788
3697  3789
3698  3850
3698  3869
3699  3851
3699  3870
3700  3711
3700  3790
3700  3791
3701  3871
3702  3792
3703  3795
3704  3796
3705  3799
3706  3800
3707  3803
3708  3804
3709  3807
3710  3808
3711  3811
3712  3792
3712  3872
3713  3793
3713  3832
3714  3794
3714  3833
3715  3795
3715  3873
3716  3796
3716  3874
3717  3797
3717  3834
3718  3798
3718  3835
3719  3799
3719  3875
3720  3800
3720  3876
3721  3801
3721  3836
3722  3802
3722  3837
3723  3803
3723  3877
3724  3804
3724  3878
3725  3805
3725  3838
3726  3806
3726  3839
3727  3807
3727  3879
3728  3808
3728  3880
3729  3809
3729  3840
3730  3810
3730  3841
3731  3811
3731  3881
3732  3742
3732  3872
3733  3743
3733  3873
3734  3744
3734  3874
3735  3745
3735  3875
3736  3746
3736  3876
3737  3747
3737  3877
3738  3748
3738  3878
3739  3749
3739  3879
3740  3750
3740  3880
3741  3751
3741  3881
3742  3852
3743  3855
3744  3856
3745  3859
3746  3860
3747  3863
3748  3864
3749  3867
3750  3868
3751  3871
3752  3822
3752  3852
3753  3853
3754  3854
3755  3823
3755  3855
3756  3824
3756  3856
3757  3857
3758  3858
3759  3825
3759  3859
3760  3826
3760  3860
3761  3861
3762  3862
3763  3827
3763  3863
3764  3828
3764  3864
3765  3865
3766  3866
3767  3829
3767  3867
3768  3830
3768  3868
3769  3869
3770  3870
3771  3831
3771  3871
3772  3792
3772  3892
3772  3932
3773  3793
3773  3892
3773  3922
3773  3933
3774  3794
3774  3893
3774  3923
3774  3934
3775  3795
3775  3893
3775  3935
3776  3796
3776  3894
3776  3936
3777  3797
3777  3894
3777  3924
3777  3937
3778  3798
3778  3895
3778  3925
3778  3938
3779  3799
3779  3895
3779  3939
3780  3800
3780  3896
3780  3940
3781  3801
3781  3896
3781  3926
3781  3941
3782  3802
3782  3897
3782  3927
3782  3942
3783  3803
3783  3897
3783  3943
3784  3804
3784  3898
3784  3944
3785  3805
3785  3898
3785  3928
3785  3945
3786  3806
3786  3899
3786  3929
3786  3946
3787  3807
3787  3899
3787  3947
3788  3808
3788  3900
3788  3948
3789  3809
3789  3900
3789  3930
3789  3949
3790  3810
3790  3901
3790  3931
3790  3950
3791  3811
3791  3901
3791  3951
3792  3952
3793  3902
3793  3953
3794  3903
3794  3954
3795  3955
3796  3956
3797  3904
3797  3957
3798  3905
3798  3958
3799  3959
3800  3960
3801  3906
3801  3961
3802  3907
3802  3962
3803  3963
3804  3964
3805  3908
3805  3965
3806  3909
3806  3966
3807  3967
3808  3968
3809  3910
3809  3969
3810  3911
3810  3970
3811  3971
3812  3912
3813  3913
3814  3914
3815  3915
3816  3916
3817  3917
3818  3918
3819  3919
3820  3920
3821  3921
3822  3882
3822  3912
3823  3883
3823  3913
3824  3884
3824  3914
3825  3885
3825  3915
3826  3886
3826  3916
3827  3887
3827  3917
3828  3888
3828  3918
3829  3889
3829  3919
3830  3890
3830  3920
3831  3891
3831  3921
3832  3842
3832  3902
3832  3972
3833  3843
3833  3903
3833  3973
3834  3844
3834  3904
3834  3974
3835  3845
3835  3905
3835  3975
3836  3846
3836  3906
3836  3976
3837  3847
3837  3907
3837  3977
3838  3848
3838  3908
3838  3978
3839  3849
3839  3909
3839  3979
3840  3850
3840  3910
3840  3980
3841  3851
3841  3911
3841  3981
3842  3982
3843  3983
3844  3984
3845  3985
3846  3986
3847  3987
3848  3988
3849  3989
3850  3990
3851  3991
3852  3882
3853  3982
3854  3983
3855  3883
3856  3884
3857  3984
3858  3985
3859  3885
3860  3886
3861  3986
3862  3987
3863  3887
3864  3888
3865  3988
3866  3989
3867  3889
3868  3890
3869  3990
3870  3991
3871  3891
3872  3952
3873  3955
3874  3956
3875  3959
3876  3960
3877  3963
3878  3964
3879  3967
3880  3968
3881  3971
3882  3992
3883  3993
3884  3994
3885  3995
3886  3996
3887  3997
3888  3998
3889  3999
3890  4000
3891  4001
3892  4002
3893  4003
3894  4004
3895  4005
3896  4006
3897  4007
3898  4008
3899  4009
3900  4010
3901  4011
3902  4023
3903  4024
3904  4027
3905  4028
3906  4031
3907  4032
3908  4035
3909  4036
3910  4039
3911  4040
3912  3992
3913  3993
3914  3994
3915  3995
3916  3996
3917  3997
3918  3998
3919  3999
3920  4000
3921  4001
3922  4002
3922  4052
3923  4003
3923  4053
3924  4004
3924  4054
3925  4005
3925  4055
3926  4006
3926  4056
3927  4007
3927  4057
3928  4008
3928  4058
3929  4009
3929  4059
3930  4010
3930  4060
3931  4011
3931  4061
3932  3952
3932  4002
3933  3953
3933  4052
3934  3954
3934  4053
3935  3955
3935  4003
3936  3956
3936  4004
3937  3957
3937  4054
3938  3958
3938  4055
3939  3959
3939  4005
3940  3960
3940  4006
3941  3961
3941  4056
3942  3962
3942  4057
3943  3963
3943  4007
3944  3964
3944  4008
3945  3965
3945  4058
3946  3966
3946  4059
3947  3967
3947  4009
3948  3968
3948  4010
3949  3969
3949  4060
3950  3970
3950  4061
3951  3971
3951  4011
3952  4012
3952  4022
3952  4062
3953  4023
3953  4063
3954  4024
3954  4064
3955  4013
3955  4025
3955  4065
3956  4014
3956  4026
3956  4066
3957  4027
3957  4067
3958  4028
3958  4068
3959  4015
3959  4029
3959  4069
3960  4016
3960  4030
3960  4070
3961  4031
3961  4071
3962  4032
3962  4072
3963  4017
3963  4033
3963  4073
3964  4018
3964  4034
3964  4074
3965  4035
3965  4075
3966  4036
3966  4076
3967  4019
3967  4037
3967  4077
3968  4020
3968  4038
3968  4078
3969  4039
3969  4079
3970  4040
3970  4080
3971  4021
3971  4041
3971  4081
3972  3982
3972  4023
3973  3983
3973  4024
3974  3984
3974  4027
3975  3985
3975  4028
3976  3986
3976  4031
3977  3987
3977  4032
3978  3988
3978  4035
3979  3989
3979  4036
3980  3990
3980  4039
3981  3991
3981  4040
3982  4042
3983  4043
3984  4044
3985  4045
3986  4046
3987  4047
3988  4048
3989  4049
3990  4050
3991  4051
4002  4012
4002  4082
4003  4013
4003  4083
4004  4014
4004  4084
4005  4015
4005  4085
4006  4016
4006  4086
4007  4017
4007  4087
4008  4018
4008  4088
4009  4019
4009  4089
4010  4020
4010  4090
4011  4021
4011  4091
4012  4092
4013  4093
4014  4094
4015  4095
4016  4096
4017  4097
4018  4098
4019  4099
4020  4100
4021  4101
4022  4112
4023  4042
4023  4113
4024  4043
4024  4114
4025  4115
4026  4116
4027  4044
4027  4117
4028  4045
4028  4118
4029  4119
4030  4120
4031  4046
4031  4121
4032  4047
4032  4122
4033  4123
4034  4124
4035  4048
4035  4125
4036  4049
4036  4126
4037  4127
4038  4128
4039  4050
4039  4129
4040  4051
4040  4130
4041  4131
4042  4132
4043  4133
4044  4134
4045  4135
4046  4136
4047  4137
4048  4138
4049  4139
4050  4140
4051  4141
4052  4063
4052  4082
4052  4102
4053  4064
4053  4083
4053  4103
4054  4067
4054  4084
4054  4104
4055  4068
4055  4085
4055  4105
4056  4071
4056  4086
4056  4106
4057  4072
4057  4087
4057  4107
4058  4075
4058  4088
4058  4108
4059  4076
4059  4089
4059  4109
4060  4079
4060  4090
4060  4110
4061  4080
4061  4091
4061  4111
4062  4092
4062  4112
4063  4113
4064  4114
4065  4093
4065  4115
4066  4094
4066  4116
4067  4117
4068  4118
4069  4095
4069  4119
4070  4096
4070  4120
4071  4121
4072  4122
4073  4097
4073  4123
4074  4098
4074  4124
4075  4125
4076  4126
4077  4099
4077  4127
4078  4100
4078  4128
4079  4129
4080  4130
4081  4101
4081  4131
4082  4092
4082  4142
4083  4093
4083  4143
4084  4094
4084  4144
4085  4095
4085  4145
4086  4096
4086  4146
4087  4097
4087  4147
4088  4098
4088  4148
4089  4099
4089  4149
4090  4100
4090  4150
4091  4101
4091  4151
4102  4113
4102  4142
4103  4114
4103  4143
4104  4117
4104  4144
4105  4118
4105  4145
4106  4121
4106  4146
4107  4122
4107  4147
4108  4125
4108  4148
4109  4126
4109  4149
4110  4129
4110  4150
4111  4130
4111  4151
4113  4132
4113  4152
4113  4162
4114  4133
4114  4153
4114  4163
4117  4134
4117  4154
4117  4164
4118  4135
4118  4155
4118  4165
4121  4136
4121  4156
4121  4166
4122  4137
4122  4157
4122  4167
4125  4138
4125  4158
4125  4168
4126  4139
4126  4159
4126  4169
4129  4140
4129  4160
4129  4170
4130  4141
4130  4161
4130  4171
4142  4152
4143  4153
4144  4154
4145  4155
4146  4156
4147  4157
4148  4158
4149  4159
4150  4160
4151  4161
4152  4172
4153  4173
4154  4174
4155  4175
4156  4176
4157  4177
4158  4178
4159  4179
4160  4180
4161  4181
4162  4172
4163  4173
4164  4174
4165  4175
4166  4176
4167  4177
4168  4178
4169  4179
4170  4180
4171  4181
