1  2
1  3
1  4
1  5
1  6
2  7
2  9
3  9
3  11
4  11
4  13
5  13
5  15
6  7
6  15
7  8
7  16
7  27
8  9
8  18
8  19
9  10
9  28
10  11
10  20
10  21
11  12
11  29
12  13
12  22
12  23
13  14
13  30
14  15
14  24
14  25
15  16
15  31
16  17
16  26
17  27
17  42
18  27
18  43
19  28
19  43
20  28
20  44
21  29
21  44
22  29
22  45
23  30
23  45
24  30
24  46
25  31
25  46
26  31
26  42
27  32
27  33
27  47
27  48
28  34
28  35
28  49
28  50
29  36
29  37
29  51
29  52
30  38
30  39
30  53
30  54
31  40
31  41
31  55
31  56
32  42
32  57
33  43
33  58
34  43
34  59
35  44
35  60
36  44
36  61
37  45
37  62
38  45
38  63
39  46
39  64
40  46
40  65
41  42
41  66
42  76
43  68
44  70
45  72
46  74
47  57
47  67
48  58
48  67
49  59
49  69
50  60
50  69
51  61
51  71
52  62
52  71
53  63
53  73
54  64
54  73
55  65
55  75
56  66
56  75
57  76
57  77
57  87
58  68
58  78
58  88
59  68
59  79
59  89
60  70
60  80
60  90
61  70
61  81
61  91
62  72
62  82
62  92
63  72
63  83
63  93
64  74
64  84
64  94
65  74
65  85
65  95
66  76
66  86
66  96
67  77
67  78
67  108
68  98
68  99
68  109
69  79
69  80
69  110
70  100
70  101
70  111
71  81
71  82
71  112
72  102
72  103
72  113
73  83
73  84
73  114
74  104
74  105
74  115
75  85
75  86
75  116
76  97
76  106
76  107
77  117
78  118
79  119
80  120
81  121
82  122
83  123
84  124
85  125
86  126
87  97
87  117
87  132
88  98
88  118
88  133
89  99
89  119
89  134
90  100
90  120
90  135
91  101
91  121
91  136
92  102
92  122
92  137
93  103
93  123
93  138
94  104
94  124
94  139
95  105
95  125
95  140
96  106
96  126
96  141
97  142
98  143
99  144
100  145
101  146
102  147
103  148
104  149
105  150
106  151
107  142
107  151
108  117
108  118
109  143
109  144
110  119
110  120
111  145
111  146
112  121
112  122
113  147
113  148
114  123
114  124
115  149
115  150
116  125
116  126
117  127
117  153
118  127
118  154
119  128
119  157
120  128
120  158
121  129
121  161
122  129
122  162
123  130
123  165
124  130
124  166
125  131
125  169
126  131
126  170
127  172
127  173
128  174
128  175
129  176
129  177
130  178
130  179
131  180
131  181
132  142
132  153
133  143
133  154
134  144
134  157
135  145
135  158
136  146
136  161
137  147
137  162
138  148
138  165
139  149
139  166
140  150
140  169
141  151
141  170
142  152
142  186
143  155
143  182
144  156
144  182
145  159
145  183
146  160
146  183
147  163
147  184
148  164
148  184
149  167
149  185
150  168
150  185
151  171
151  186
152  153
152  197
153  172
153  187
153  207
154  155
154  173
154  188
154  208
155  198
156  157
156  199
157  174
157  189
157  209
158  159
158  175
158  190
158  210
159  200
160  161
160  201
161  176
161  191
161  211
162  163
162  177
162  192
162  212
163  202
164  165
164  203
165  178
165  193
165  213
166  167
166  179
166  194
166  214
167  204
168  169
168  205
169  180
169  195
169  215
170  171
170  181
170  196
170  216
171  206
182  198
182  199
183  200
183  201
184  202
184  203
185  204
185  205
186  197
186  206
187  197
187  217
188  198
188  218
189  199
189  219
190  200
190  220
191  201
191  221
192  202
192  222
193  203
193  223
194  204
194  224
195  205
195  225
196  206
196  226
207  217
208  218
209  219
210  220
211  221
212  222
213  223
214  224
215  225
216  226
