 0.00000000e+00     0.00000000e+00
-8.09016994e-01    -5.87785252e-01
 3.09016994e-01    -9.51056516e-01
 1.00000000e+00    -2.22044605e-16
 3.09016994e-01     9.51056516e-01
-8.09016994e-01     5.87785252e-01
-1.61803399e+00    -1.11022302e-16
-1.30901699e+00    -9.51056516e-01
-5.00000000e-01    -1.53884177e+00
 5.00000000e-01    -1.53884177e+00
 1.30901699e+00    -9.51056516e-01
 1.61803399e+00     0.00000000e+00
 1.30901699e+00     9.51056516e-01
 5.00000000e-01     1.53884177e+00
-5.00000000e-01     1.53884177e+00
-1.30901699e+00     9.51056516e-01
-2.30901699e+00    -9.51056516e-01
-1.61803399e+00    -1.90211303e+00
 1.90983006e-01    -2.48989828e+00
 1.30901699e+00    -2.12662702e+00
 2.42705098e+00    -5.87785252e-01
 2.42705098e+00     5.87785252e-01
 1.30901699e+00     2.12662702e+00
 1.90983006e-01     2.48989828e+00
-1.61803399e+00     1.90211303e+00
-2.30901699e+00     9.51056516e-01
-2.61803399e+00    -2.22044605e-16
-8.09016994e-01    -2.48989828e+00
 2.11803399e+00    -1.53884177e+00
 2.11803399e+00     1.53884177e+00
-8.09016994e-01     2.48989828e+00
-2.92705098e+00    -9.51056516e-01
-1.80901699e+00    -2.48989828e+00
-1.11022302e-16    -3.07768354e+00
 1.80901699e+00    -2.48989828e+00
 2.92705098e+00    -9.51056516e-01
 2.92705098e+00     9.51056516e-01
 1.80901699e+00     2.48989828e+00
-1.94289029e-16     3.07768354e+00
-1.80901699e+00     2.48989828e+00
-2.92705098e+00     9.51056516e-01
-2.61803399e+00    -1.90211303e+00
 1.00000000e+00    -3.07768354e+00
 3.23606798e+00    -6.49935879e-16
 1.00000000e+00     3.07768354e+00
-2.61803399e+00     1.90211303e+00
-3.42705098e+00    -5.87785252e-01
-1.61803399e+00    -3.07768354e+00
-5.00000000e-01    -3.44095480e+00
 2.42705098e+00    -2.48989828e+00
 3.11803399e+00    -1.53884177e+00
 3.11803399e+00     1.53884177e+00
 2.42705098e+00     2.48989828e+00
-5.00000000e-01     3.44095480e+00
-1.61803399e+00     3.07768354e+00
-3.42705098e+00     5.87785252e-01
-3.73606798e+00    -1.53884177e+00
-2.61803399e+00    -3.07768354e+00
 3.09016994e-01    -4.02874005e+00
 2.11803399e+00    -3.44095480e+00
 3.92705098e+00    -9.51056516e-01
 3.92705098e+00     9.51056516e-01
 2.11803399e+00     3.44095480e+00
 3.09016994e-01     4.02874005e+00
-2.61803399e+00     3.07768354e+00
-3.73606798e+00     1.53884177e+00
-3.42705098e+00    -2.48989828e+00
-1.30901699e+00    -4.02874005e+00
 1.30901699e+00    -4.02874005e+00
 3.42705098e+00    -2.48989828e+00
 4.23606798e+00    -7.77156117e-16
 3.42705098e+00     2.48989828e+00
 1.30901699e+00     4.02874005e+00
-1.30901699e+00     4.02874005e+00
-3.42705098e+00     2.48989828e+00
-4.23606798e+00     3.59275718e-16
-4.54508497e+00    -9.51056516e-01
-2.30901699e+00    -4.02874005e+00
-5.00000000e-01    -4.61652531e+00
 3.11803399e+00    -3.44095480e+00
 4.23606798e+00    -1.90211303e+00
 4.23606798e+00     1.90211303e+00
 3.11803399e+00     3.44095480e+00
-5.00000000e-01     4.61652531e+00
-2.30901699e+00     4.02874005e+00
-4.54508497e+00     9.51056516e-01
-4.73606798e+00    -1.53884177e+00
-2.92705098e+00    -4.02874005e+00
-2.22044605e-16    -4.97979657e+00
 2.92705098e+00    -4.02874005e+00
 4.73606798e+00    -1.53884177e+00
 4.73606798e+00     1.53884177e+00
 2.92705098e+00     4.02874005e+00
 4.44089210e-16     4.97979657e+00
-2.92705098e+00     4.02874005e+00
-4.73606798e+00     1.53884177e+00
-4.42705098e+00    -2.48989828e+00
-3.73606798e+00    -3.44095480e+00
 1.00000000e+00    -4.97979657e+00
 2.11803399e+00    -4.61652531e+00
 5.04508497e+00    -5.87785252e-01
 5.04508497e+00     5.87785252e-01
 2.11803399e+00     4.61652531e+00
 1.00000000e+00     4.97979657e+00
-3.73606798e+00     3.44095480e+00
-4.42705098e+00     2.48989828e+00
-4.23606798e+00    -3.07768354e+00
-1.61803399e+00    -4.97979657e+00
 1.61803399e+00    -4.97979657e+00
 4.23606798e+00    -3.07768354e+00
 5.23606798e+00    -8.98189294e-16
 4.23606798e+00     3.07768354e+00
 1.61803399e+00     4.97979657e+00
-1.61803399e+00     4.97979657e+00
-4.23606798e+00     3.07768354e+00
-5.23606798e+00     3.33066907e-16
-5.54508497e+00    -9.51056516e-01
-2.61803399e+00    -4.97979657e+00
-8.09016994e-01    -5.56758182e+00
 3.92705098e+00    -4.02874005e+00
 5.04508497e+00    -2.48989828e+00
 5.04508497e+00     2.48989828e+00
 3.92705098e+00     4.02874005e+00
-8.09016994e-01     5.56758182e+00
-2.61803399e+00     4.97979657e+00
-5.54508497e+00     9.51056516e-01
-1.80901699e+00    -5.56758182e+00
 4.73606798e+00    -3.44095480e+00
 4.73606798e+00     3.44095480e+00
-1.80901699e+00     5.56758182e+00
-5.85410197e+00     3.64281155e-16
-5.54508497e+00    -2.12662702e+00
-3.73606798e+00    -4.61652531e+00
 3.09016994e-01    -5.93085309e+00
 3.23606798e+00    -4.97979657e+00
 5.73606798e+00    -1.53884177e+00
 5.73606798e+00     1.53884177e+00
 3.23606798e+00     4.97979657e+00
 3.09016994e-01     5.93085309e+00
-3.73606798e+00     4.61652531e+00
-5.54508497e+00     2.12662702e+00
-5.23606798e+00    -3.07768354e+00
-4.54508497e+00    -4.02874005e+00
 1.30901699e+00    -5.93085309e+00
 2.42705098e+00    -5.56758182e+00
 6.04508497e+00    -5.87785252e-01
 6.04508497e+00     5.87785252e-01
 2.42705098e+00     5.56758182e+00
 1.30901699e+00     5.93085309e+00
-4.54508497e+00     4.02874005e+00
-5.23606798e+00     3.07768354e+00
-6.35410197e+00    -1.53884177e+00
-6.04508497e+00    -2.48989828e+00
-4.23606798e+00    -4.97979657e+00
-3.42705098e+00    -5.56758182e+00
-5.00000000e-01    -6.51863834e+00
 5.00000000e-01    -6.51863834e+00
 3.42705098e+00    -5.56758182e+00
 4.23606798e+00    -4.97979657e+00
 6.04508497e+00    -2.48989828e+00
 6.35410197e+00    -1.53884177e+00
 6.35410197e+00     1.53884177e+00
 6.04508497e+00     2.48989828e+00
 4.23606798e+00     4.97979657e+00
 3.42705098e+00     5.56758182e+00
 5.00000000e-01     6.51863834e+00
-5.00000000e-01     6.51863834e+00
-3.42705098e+00     5.56758182e+00
-4.23606798e+00     4.97979657e+00
-6.04508497e+00     2.48989828e+00
-6.35410197e+00     1.53884177e+00
-6.66311896e+00    -5.87785252e-01
-2.61803399e+00    -6.15536707e+00
-1.50000000e+00    -6.51863834e+00
 5.04508497e+00    -4.39201132e+00
 5.73606798e+00    -3.44095480e+00
 5.73606798e+00     3.44095480e+00
 5.04508497e+00     4.39201132e+00
-1.50000000e+00     6.51863834e+00
-2.61803399e+00     6.15536707e+00
-6.66311896e+00     5.87785252e-01
-5.54508497e+00    -4.02874005e+00
 2.11803399e+00    -6.51863834e+00
 6.85410197e+00    -1.43710287e-15
 2.11803399e+00     6.51863834e+00
-5.54508497e+00     4.02874005e+00
-6.66311896e+00    -2.48989828e+00
-4.42705098e+00    -5.56758182e+00
 3.09016994e-01    -7.10642359e+00
 3.92705098e+00    -5.93085309e+00
 6.85410197e+00    -1.90211303e+00
 6.85410197e+00     1.90211303e+00
 3.92705098e+00     5.93085309e+00
 3.09016994e-01     7.10642359e+00
-4.42705098e+00     5.56758182e+00
-6.66311896e+00     2.48989828e+00
-7.16311896e+00    -9.51056516e-01
-6.35410197e+00    -3.44095480e+00
-5.23606798e+00    -4.97979657e+00
-3.11803399e+00    -6.51863834e+00
-1.30901699e+00    -7.10642359e+00
 1.30901699e+00    -7.10642359e+00
 3.11803399e+00    -6.51863834e+00
 5.23606798e+00    -4.97979657e+00
 6.35410197e+00    -3.44095480e+00
 7.16311896e+00    -9.51056516e-01
 7.16311896e+00     9.51056516e-01
 6.35410197e+00     3.44095480e+00
 5.23606798e+00     4.97979657e+00
 3.11803399e+00     6.51863834e+00
 1.30901699e+00     7.10642359e+00
-1.30901699e+00     7.10642359e+00
-3.11803399e+00     6.51863834e+00
-5.23606798e+00     4.97979657e+00
-6.35410197e+00     3.44095480e+00
-7.16311896e+00     9.51056516e-01
-7.47213595e+00    -4.44089210e-16
-2.30901699e+00    -7.10642359e+00
 6.04508497e+00    -4.39201132e+00
 6.04508497e+00     4.39201132e+00
-2.30901699e+00     7.10642359e+00
-7.35410197e+00    -1.53884177e+00
-3.73606798e+00    -6.51863834e+00
-8.09016994e-01    -7.46969485e+00
 5.04508497e+00    -5.56758182e+00
 6.85410197e+00    -3.07768354e+00
 6.85410197e+00     3.07768354e+00
 5.04508497e+00     5.56758182e+00
-8.09016994e-01     7.46969485e+00
-3.73606798e+00     6.51863834e+00
-7.35410197e+00     1.53884177e+00
-6.35410197e+00    -4.61652531e+00
 2.42705098e+00    -7.46969485e+00
 7.85410197e+00    -1.43710287e-15
 2.42705098e+00     7.46969485e+00
-6.35410197e+00     4.61652531e+00
-7.66311896e+00    -2.48989828e+00
-4.73606798e+00    -6.51863834e+00
-6.66133815e-16    -8.05748011e+00
 4.73606798e+00    -6.51863834e+00
 7.66311896e+00    -2.48989828e+00
 7.66311896e+00     2.48989828e+00
 4.73606798e+00     6.51863834e+00
 0.00000000e+00     8.05748011e+00
-4.73606798e+00     6.51863834e+00
-7.66311896e+00     2.48989828e+00
-7.35410197e+00    -3.44095480e+00
-5.54508497e+00    -5.93085309e+00
 1.00000000e+00    -8.05748011e+00
 3.92705098e+00    -7.10642359e+00
 7.97213595e+00    -1.53884177e+00
 7.97213595e+00     1.53884177e+00
 3.92705098e+00     7.10642359e+00
 1.00000000e+00     8.05748011e+00
-5.54508497e+00     5.93085309e+00
-7.35410197e+00     3.44095480e+00
-8.16311896e+00    -9.51056516e-01
-7.16311896e+00    -4.02874005e+00
-6.04508497e+00    -5.56758182e+00
-3.42705098e+00    -7.46969485e+00
-1.61803399e+00    -8.05748011e+00
 1.61803399e+00    -8.05748011e+00
 3.42705098e+00    -7.46969485e+00
 6.04508497e+00    -5.56758182e+00
 7.16311896e+00    -4.02874005e+00
 8.16311896e+00    -9.51056516e-01
 8.16311896e+00     9.51056516e-01
 7.16311896e+00     4.02874005e+00
 6.04508497e+00     5.56758182e+00
 3.42705098e+00     7.46969485e+00
 1.61803399e+00     8.05748011e+00
-1.61803399e+00     8.05748011e+00
-3.42705098e+00     7.46969485e+00
-6.04508497e+00     5.56758182e+00
-7.16311896e+00     4.02874005e+00
-8.16311896e+00     9.51056516e-01
-8.47213595e+00    -7.18551436e-16
-2.61803399e+00    -8.05748011e+00
 6.85410197e+00    -4.97979657e+00
 6.85410197e+00     4.97979657e+00
-2.61803399e+00     8.05748011e+00
-8.47213595e+00    -1.90211303e+00
-7.35410197e+00    -4.61652531e+00
-6.66311896e+00    -5.56758182e+00
-4.42705098e+00    -7.46969485e+00
-8.09016994e-01    -8.64526536e+00
 2.11803399e+00    -8.42075137e+00
 3.23606798e+00    -8.05748011e+00
 5.73606798e+00    -6.51863834e+00
 7.97213595e+00    -3.44095480e+00
 8.66311896e+00    -5.87785252e-01
 8.66311896e+00     5.87785252e-01
 7.97213595e+00     3.44095480e+00
 5.73606798e+00     6.51863834e+00
 3.23606798e+00     8.05748011e+00
 2.11803399e+00     8.42075137e+00
-8.09016994e-01     8.64526536e+00
-4.42705098e+00     7.46969485e+00
-6.66311896e+00     5.56758182e+00
-7.35410197e+00     4.61652531e+00
-8.47213595e+00     1.90211303e+00
-8.47213595e+00    -3.07768354e+00
-5.54508497e+00    -7.10642359e+00
 3.09016994e-01    -9.00853662e+00
 5.04508497e+00    -7.46969485e+00
 8.66311896e+00    -2.48989828e+00
 8.66311896e+00     2.48989828e+00
 5.04508497e+00     7.46969485e+00
 3.09016994e-01     9.00853662e+00
-5.54508497e+00     7.10642359e+00
-8.47213595e+00     3.07768354e+00
-8.97213595e+00    -1.53884177e+00
-8.16311896e+00    -4.02874005e+00
-6.35410197e+00    -6.51863834e+00
-4.23606798e+00    -8.05748011e+00
-1.30901699e+00    -9.00853662e+00
 1.30901699e+00    -9.00853662e+00
 4.23606798e+00    -8.05748011e+00
 6.35410197e+00    -6.51863834e+00
 8.16311896e+00    -4.02874005e+00
 8.97213595e+00    -1.53884177e+00
 8.97213595e+00     1.53884177e+00
 8.16311896e+00     4.02874005e+00
 6.35410197e+00     6.51863834e+00
 4.23606798e+00     8.05748011e+00
 1.30901699e+00     9.00853662e+00
-1.30901699e+00     9.00853662e+00
-4.23606798e+00     8.05748011e+00
-6.35410197e+00     6.51863834e+00
-8.16311896e+00     4.02874005e+00
-8.97213595e+00     1.53884177e+00
-9.28115295e+00    -5.87785252e-01
-3.42705098e+00    -8.64526536e+00
-2.30901699e+00    -9.00853662e+00
 7.16311896e+00    -5.93085309e+00
 7.85410197e+00    -4.97979657e+00
 7.85410197e+00     4.97979657e+00
 7.16311896e+00     5.93085309e+00
-2.30901699e+00     9.00853662e+00
-3.42705098e+00     8.64526536e+00
-9.28115295e+00     5.87785252e-01
-9.47213595e+00    -3.33066907e-16
-7.66311896e+00    -5.56758182e+00
-2.92705098e+00    -9.00853662e+00
 2.92705098e+00    -9.00853662e+00
 7.66311896e+00    -5.56758182e+00
 9.47213595e+00    -1.77635684e-15
 7.66311896e+00     5.56758182e+00
 2.92705098e+00     9.00853662e+00
-2.92705098e+00     9.00853662e+00
-7.66311896e+00     5.56758182e+00
-9.28115295e+00    -2.48989828e+00
-8.97213595e+00    -3.44095480e+00
-6.04508497e+00    -7.46969485e+00
-5.23606798e+00    -8.05748011e+00
-5.00000000e-01    -9.59632188e+00
 5.00000000e-01    -9.59632188e+00
 5.23606798e+00    -8.05748011e+00
 6.04508497e+00    -7.46969485e+00
 8.97213595e+00    -3.44095480e+00
 9.28115295e+00    -2.48989828e+00
 9.28115295e+00     2.48989828e+00
 8.97213595e+00     3.44095480e+00
 6.04508497e+00     7.46969485e+00
 5.23606798e+00     8.05748011e+00
 5.00000000e-01     9.59632188e+00
-5.00000000e-01     9.59632188e+00
-5.23606798e+00     8.05748011e+00
-6.04508497e+00     7.46969485e+00
-8.97213595e+00     3.44095480e+00
-9.28115295e+00     2.48989828e+00
-8.47213595e+00    -4.97979657e+00
-7.35410197e+00    -6.51863834e+00
 2.11803399e+00    -9.59632188e+00
 3.92705098e+00    -9.00853662e+00
 9.78115295e+00    -9.51056516e-01
 9.78115295e+00     9.51056516e-01
 3.92705098e+00     9.00853662e+00
 2.11803399e+00     9.59632188e+00
-7.35410197e+00     6.51863834e+00
-8.47213595e+00     4.97979657e+00
-9.16311896e+00    -4.02874005e+00
-6.66311896e+00    -7.46969485e+00
 1.00000000e+00    -9.95959314e+00
 5.04508497e+00    -8.64526536e+00
 9.78115295e+00    -2.12662702e+00
 9.78115295e+00     2.12662702e+00
 5.04508497e+00     8.64526536e+00
 1.00000000e+00     9.95959314e+00
-6.66311896e+00     7.46969485e+00
-9.16311896e+00     4.02874005e+00
-9.97213595e+00    -1.53884177e+00
-8.16311896e+00    -5.93085309e+00
-4.54508497e+00    -9.00853662e+00
-1.61803399e+00    -9.95959314e+00
 3.11803399e+00    -9.59632188e+00
 7.16311896e+00    -7.10642359e+00
 8.97213595e+00    -4.61652531e+00
 1.00901699e+01    -9.99200722e-16
 8.97213595e+00     4.61652531e+00
 7.16311896e+00     7.10642359e+00
 3.11803399e+00     9.59632188e+00
-1.61803399e+00     9.95959314e+00
-4.54508497e+00     9.00853662e+00
-8.16311896e+00     5.93085309e+00
-9.97213595e+00     1.53884177e+00
-1.02811529e+01    -5.87785252e-01
-3.73606798e+00    -9.59632188e+00
-2.61803399e+00    -9.95959314e+00
 7.97213595e+00    -6.51863834e+00
 8.66311896e+00    -5.56758182e+00
 8.66311896e+00     5.56758182e+00
 7.97213595e+00     6.51863834e+00
-2.61803399e+00     9.95959314e+00
-3.73606798e+00     9.59632188e+00
-1.02811529e+01     5.87785252e-01
-9.97213595e+00    -3.44095480e+00
-6.35410197e+00    -8.42075137e+00
 1.90983006e-01    -1.05473784e+01
 6.04508497e+00    -8.64526536e+00
 1.00901699e+01    -3.07768354e+00
 1.00901699e+01     3.07768354e+00
 6.04508497e+00     8.64526536e+00
 1.90983006e-01     1.05473784e+01
-6.35410197e+00     8.42075137e+00
-9.97213595e+00     3.44095480e+00
-1.02811529e+01    -2.48989828e+00
-5.54508497e+00    -9.00853662e+00
-8.09016994e-01    -1.05473784e+01
 6.85410197e+00    -8.05748011e+00
 9.78115295e+00    -4.02874005e+00
 9.78115295e+00     4.02874005e+00
 6.85410197e+00     8.05748011e+00
-8.09016994e-01     1.05473784e+01
-5.54508497e+00     9.00853662e+00
-1.02811529e+01     2.48989828e+00
-1.05901699e+01    -1.53884177e+00
-9.47213595e+00    -4.97979657e+00
-7.66311896e+00    -7.46969485e+00
-4.73606798e+00    -9.59632188e+00
-1.80901699e+00    -1.05473784e+01
 1.80901699e+00    -1.05473784e+01
 4.73606798e+00    -9.59632188e+00
 7.66311896e+00    -7.46969485e+00
 9.47213595e+00    -4.97979657e+00
 1.05901699e+01    -1.53884177e+00
 1.05901699e+01     1.53884177e+00
 9.47213595e+00     4.97979657e+00
 7.66311896e+00     7.46969485e+00
 4.73606798e+00     9.59632188e+00
 1.80901699e+00     1.05473784e+01
-1.80901699e+00     1.05473784e+01
-4.73606798e+00     9.59632188e+00
-7.66311896e+00     7.46969485e+00
-9.47213595e+00     4.97979657e+00
-1.05901699e+01     1.53884177e+00
-9.28115295e+00    -5.56758182e+00
-8.16311896e+00    -7.10642359e+00
 2.42705098e+00    -1.05473784e+01
 4.23606798e+00    -9.95959314e+00
 1.07811529e+01    -9.51056516e-01
 1.07811529e+01     9.51056516e-01
 4.23606798e+00     9.95959314e+00
 2.42705098e+00     1.05473784e+01
-8.16311896e+00     7.10642359e+00
-9.28115295e+00     5.56758182e+00
-8.97213595e+00    -6.51863834e+00
-3.42705098e+00    -1.05473784e+01
 3.42705098e+00    -1.05473784e+01
 8.97213595e+00    -6.51863834e+00
 1.10901699e+01    -8.88178420e-16
 8.97213595e+00     6.51863834e+00
 3.42705098e+00     1.05473784e+01
-3.42705098e+00     1.05473784e+01
-8.97213595e+00     6.51863834e+00
-1.10901699e+01     0.00000000e+00
-1.02811529e+01    -4.39201132e+00
-7.35410197e+00    -8.42075137e+00
 1.00000000e+00    -1.11351636e+01
 5.73606798e+00    -9.59632188e+00
 1.08991869e+01    -2.48989828e+00
 1.08991869e+01     2.48989828e+00
 5.73606798e+00     9.59632188e+00
 1.00000000e+00     1.11351636e+01
-7.35410197e+00     8.42075137e+00
-1.02811529e+01     4.39201132e+00
-1.10901699e+01    -1.90211303e+00
-5.23606798e+00    -9.95959314e+00
-1.61803399e+00    -1.11351636e+01
 7.85410197e+00    -8.05748011e+00
 1.00901699e+01    -4.97979657e+00
 1.00901699e+01     4.97979657e+00
 7.85410197e+00     8.05748011e+00
-1.61803399e+00     1.11351636e+01
-5.23606798e+00     9.95959314e+00
-1.10901699e+01     1.90211303e+00
-1.13991869e+01    -9.51056516e-01
-4.42705098e+00    -1.05473784e+01
-2.61803399e+00    -1.11351636e+01
 8.66311896e+00    -7.46969485e+00
 9.78115295e+00    -5.93085309e+00
 9.78115295e+00     5.93085309e+00
 8.66311896e+00     7.46969485e+00
-2.61803399e+00     1.11351636e+01
-4.42705098e+00     1.05473784e+01
-1.13991869e+01     9.51056516e-01
-1.10901699e+01    -3.07768354e+00
-1.07811529e+01    -4.02874005e+00
-7.16311896e+00    -9.00853662e+00
-6.35410197e+00    -9.59632188e+00
-5.00000000e-01    -1.14984349e+01
 5.00000000e-01    -1.14984349e+01
 6.35410197e+00    -9.59632188e+00
 7.16311896e+00    -9.00853662e+00
 1.07811529e+01    -4.02874005e+00
 1.10901699e+01    -3.07768354e+00
 1.10901699e+01     3.07768354e+00
 1.07811529e+01     4.02874005e+00
 7.16311896e+00     9.00853662e+00
 6.35410197e+00     9.59632188e+00
 5.00000000e-01     1.14984349e+01
-5.00000000e-01     1.14984349e+01
-6.35410197e+00     9.59632188e+00
-7.16311896e+00     9.00853662e+00
-1.07811529e+01     4.02874005e+00
-1.10901699e+01     3.07768354e+00
-1.02811529e+01    -5.56758182e+00
-8.47213595e+00    -8.05748011e+00
 2.11803399e+00    -1.14984349e+01
 5.04508497e+00    -1.05473784e+01
 1.15901699e+01    -1.53884177e+00
 1.15901699e+01     1.53884177e+00
 5.04508497e+00     1.05473784e+01
 2.11803399e+00     1.14984349e+01
-8.47213595e+00     8.05748011e+00
-1.02811529e+01     5.56758182e+00
-9.97213595e+00    -6.51863834e+00
-9.28115295e+00    -7.46969485e+00
 3.11803399e+00    -1.14984349e+01
 4.23606798e+00    -1.11351636e+01
 1.18991869e+01    -5.87785252e-01
 1.18991869e+01     5.87785252e-01
 4.23606798e+00     1.11351636e+01
 3.11803399e+00     1.14984349e+01
-9.28115295e+00     7.46969485e+00
-9.97213595e+00     6.51863834e+00
-1.20901699e+01    -6.86155564e-17
-1.13991869e+01    -4.02874005e+00
-7.35410197e+00    -9.59632188e+00
-3.73606798e+00    -1.14984349e+01
 3.09016994e-01    -1.20862202e+01
 6.85410197e+00    -9.95959314e+00
 9.78115295e+00    -7.10642359e+00
 1.15901699e+01    -3.44095480e+00
 1.15901699e+01     3.44095480e+00
 9.78115295e+00     7.10642359e+00
 6.85410197e+00     9.95959314e+00
 3.09016994e-01     1.20862202e+01
-3.73606798e+00     1.14984349e+01
-7.35410197e+00     9.59632188e+00
-1.13991869e+01     4.02874005e+00
-1.18991869e+01    -2.48989828e+00
-1.10901699e+01    -4.97979657e+00
-8.16311896e+00    -9.00853662e+00
-6.04508497e+00    -1.05473784e+01
-1.30901699e+00    -1.20862202e+01
 1.30901699e+00    -1.20862202e+01
 6.04508497e+00    -1.05473784e+01
 8.16311896e+00    -9.00853662e+00
 1.10901699e+01    -4.97979657e+00
 1.18991869e+01    -2.48989828e+00
 1.18991869e+01     2.48989828e+00
 1.10901699e+01     4.97979657e+00
 8.16311896e+00     9.00853662e+00
 6.04508497e+00     1.05473784e+01
 1.30901699e+00     1.20862202e+01
-1.30901699e+00     1.20862202e+01
-6.04508497e+00     1.05473784e+01
-8.16311896e+00     9.00853662e+00
-1.10901699e+01     4.97979657e+00
-1.18991869e+01     2.48989828e+00
-1.22082039e+01    -1.53884177e+00
-5.23606798e+00    -1.11351636e+01
-2.30901699e+00    -1.20862202e+01
 8.97213595e+00    -8.42075137e+00
 1.07811529e+01    -5.93085309e+00
 1.07811529e+01     5.93085309e+00
 8.97213595e+00     8.42075137e+00
-2.30901699e+00     1.20862202e+01
-5.23606798e+00     1.11351636e+01
-1.22082039e+01     1.53884177e+00
-1.23991869e+01    -9.51056516e-01
-1.05901699e+01    -6.51863834e+00
-9.47213595e+00    -8.05748011e+00
-4.73606798e+00    -1.14984349e+01
-2.92705098e+00    -1.20862202e+01
 2.92705098e+00    -1.20862202e+01
 4.73606798e+00    -1.14984349e+01
 9.47213595e+00    -8.05748011e+00
 1.05901699e+01    -6.51863834e+00
 1.23991869e+01    -9.51056516e-01
 1.23991869e+01     9.51056516e-01
 1.05901699e+01     6.51863834e+00
 9.47213595e+00     8.05748011e+00
 4.73606798e+00     1.14984349e+01
 2.92705098e+00     1.20862202e+01
-2.92705098e+00     1.20862202e+01
-4.73606798e+00     1.14984349e+01
-9.47213595e+00     8.05748011e+00
-1.05901699e+01     6.51863834e+00
-1.23991869e+01     9.51056516e-01
-1.20901699e+01    -3.07768354e+00
-6.66311896e+00    -1.05473784e+01
-8.09016994e-01    -1.24494914e+01
 7.97213595e+00    -9.59632188e+00
 1.15901699e+01    -4.61652531e+00
 1.15901699e+01     4.61652531e+00
 7.97213595e+00     9.59632188e+00
-8.09016994e-01     1.24494914e+01
-6.66311896e+00     1.05473784e+01
-1.20901699e+01     3.07768354e+00
-1.02811529e+01    -7.46969485e+00
 3.92705098e+00    -1.20862202e+01
 1.27082039e+01    -4.01682464e-16
 3.92705098e+00     1.20862202e+01
-1.02811529e+01     7.46969485e+00
-1.13991869e+01    -5.93085309e+00
-9.16311896e+00    -9.00853662e+00
 2.11803399e+00    -1.26740054e+01
 5.73606798e+00    -1.14984349e+01
 1.27082039e+01    -1.90211303e+00
 1.27082039e+01     1.90211303e+00
 5.73606798e+00     1.14984349e+01
 2.11803399e+00     1.26740054e+01
-9.16311896e+00     9.00853662e+00
-1.13991869e+01     5.93085309e+00
-1.28991869e+01    -5.87785252e-01
-4.54508497e+00    -1.20862202e+01
-3.42705098e+00    -1.24494914e+01
 1.00901699e+01    -8.05748011e+00
 1.07811529e+01    -7.10642359e+00
 1.07811529e+01     7.10642359e+00
 1.00901699e+01     8.05748011e+00
-3.42705098e+00     1.24494914e+01
-4.54508497e+00     1.20862202e+01
-1.28991869e+01     5.87785252e-01
-1.23991869e+01    -4.02874005e+00
-7.66311896e+00    -1.05473784e+01
-3.10862447e-15    -1.30372767e+01
 7.66311896e+00    -1.05473784e+01
 1.23991869e+01    -4.02874005e+00
 1.23991869e+01     4.02874005e+00
 7.66311896e+00     1.05473784e+01
-8.88178420e-16     1.30372767e+01
-7.66311896e+00     1.05473784e+01
-1.23991869e+01     4.02874005e+00
-1.20901699e+01    -4.97979657e+00
-8.47213595e+00    -9.95959314e+00
 1.00000000e+00    -1.30372767e+01
 6.85410197e+00    -1.11351636e+01
 1.27082039e+01    -3.07768354e+00
 1.27082039e+01     3.07768354e+00
 6.85410197e+00     1.11351636e+01
 1.00000000e+00     1.30372767e+01
-8.47213595e+00     9.95959314e+00
-1.20901699e+01     4.97979657e+00
-1.28991869e+01    -2.48989828e+00
-1.18991869e+01    -5.56758182e+00
-8.97213595e+00    -9.59632188e+00
-6.35410197e+00    -1.14984349e+01
-1.61803399e+00    -1.30372767e+01
 1.61803399e+00    -1.30372767e+01
 6.35410197e+00    -1.14984349e+01
 8.97213595e+00    -9.59632188e+00
 1.18991869e+01    -5.56758182e+00
 1.28991869e+01    -2.48989828e+00
 1.28991869e+01     2.48989828e+00
 1.18991869e+01     5.56758182e+00
 8.97213595e+00     9.59632188e+00
 6.35410197e+00     1.14984349e+01
 1.61803399e+00     1.30372767e+01
-1.61803399e+00     1.30372767e+01
-6.35410197e+00     1.14984349e+01
-8.97213595e+00     9.59632188e+00
-1.18991869e+01     5.56758182e+00
-1.28991869e+01     2.48989828e+00
-1.32082039e+01    -1.53884177e+00
-5.54508497e+00    -1.20862202e+01
-2.61803399e+00    -1.30372767e+01
 9.78115295e+00    -9.00853662e+00
 1.15901699e+01    -6.51863834e+00
 1.15901699e+01     6.51863834e+00
 9.78115295e+00     9.00853662e+00
-2.61803399e+00     1.30372767e+01
-5.54508497e+00     1.20862202e+01
-1.32082039e+01     1.53884177e+00
-1.13991869e+01    -7.10642359e+00
-1.02811529e+01    -8.64526536e+00
 3.23606798e+00    -1.30372767e+01
 5.04508497e+00    -1.24494914e+01
 1.33991869e+01    -9.51056516e-01
 1.33991869e+01     9.51056516e-01
 5.04508497e+00     1.24494914e+01
 3.23606798e+00     1.30372767e+01
-1.02811529e+01     8.64526536e+00
-1.13991869e+01     7.10642359e+00
-1.32082039e+01    -3.44095480e+00
-7.35410197e+00    -1.14984349e+01
-8.09016994e-01    -1.36250619e+01
 8.66311896e+00    -1.05473784e+01
 1.27082039e+01    -4.97979657e+00
 1.27082039e+01     4.97979657e+00
 8.66311896e+00     1.05473784e+01
-8.09016994e-01     1.36250619e+01
-7.35410197e+00     1.14984349e+01
-1.32082039e+01     3.44095480e+00
-1.10901699e+01    -8.05748011e+00
-4.23606798e+00    -1.30372767e+01
 4.23606798e+00    -1.30372767e+01
 1.10901699e+01    -8.05748011e+00
 1.37082039e+01     0.00000000e+00
 1.10901699e+01     8.05748011e+00
 4.23606798e+00     1.30372767e+01
-4.23606798e+00     1.30372767e+01
-1.10901699e+01     8.05748011e+00
-1.37082039e+01     0.00000000e+00
-1.22082039e+01    -6.51863834e+00
-9.97213595e+00    -9.59632188e+00
 2.42705098e+00    -1.36250619e+01
 6.04508497e+00    -1.24494914e+01
 1.37082039e+01    -1.90211303e+00
 1.37082039e+01     1.90211303e+00
 6.04508497e+00     1.24494914e+01
 2.42705098e+00     1.36250619e+01
-9.97213595e+00     9.59632188e+00
-1.22082039e+01     6.51863834e+00
-1.32082039e+01    -4.61652531e+00
-8.47213595e+00    -1.11351636e+01
 3.09016994e-01    -1.39883332e+01
 7.97213595e+00    -1.14984349e+01
 1.33991869e+01    -4.02874005e+00
 1.33991869e+01     4.02874005e+00
 7.97213595e+00     1.14984349e+01
 3.09016994e-01     1.39883332e+01
-8.47213595e+00     1.11351636e+01
-1.32082039e+01     4.61652531e+00
-1.40172209e+01    -9.51056516e-01
-1.37082039e+01    -3.07768354e+00
-1.28991869e+01    -5.56758182e+00
-1.18991869e+01    -7.46969485e+00
-1.07811529e+01    -9.00853662e+00
-9.28115295e+00    -1.05473784e+01
-7.16311896e+00    -1.20862202e+01
-5.23606798e+00    -1.30372767e+01
-3.42705098e+00    -1.36250619e+01
-1.30901699e+00    -1.39883332e+01
 1.30901699e+00    -1.39883332e+01
 3.42705098e+00    -1.36250619e+01
 5.23606798e+00    -1.30372767e+01
 7.16311896e+00    -1.20862202e+01
 9.28115295e+00    -1.05473784e+01
 1.07811529e+01    -9.00853662e+00
 1.18991869e+01    -7.46969485e+00
 1.28991869e+01    -5.56758182e+00
 1.37082039e+01    -3.07768354e+00
 1.40172209e+01    -9.51056516e-01
 1.40172209e+01     9.51056516e-01
 1.37082039e+01     3.07768354e+00
 1.28991869e+01     5.56758182e+00
 1.18991869e+01     7.46969485e+00
 1.07811529e+01     9.00853662e+00
 9.28115295e+00     1.05473784e+01
 7.16311896e+00     1.20862202e+01
 5.23606798e+00     1.30372767e+01
 3.42705098e+00     1.36250619e+01
 1.30901699e+00     1.39883332e+01
-1.30901699e+00     1.39883332e+01
-3.42705098e+00     1.36250619e+01
-5.23606798e+00     1.30372767e+01
-7.16311896e+00     1.20862202e+01
-9.28115295e+00     1.05473784e+01
-1.07811529e+01     9.00853662e+00
-1.18991869e+01     7.46969485e+00
-1.28991869e+01     5.56758182e+00
-1.37082039e+01     3.07768354e+00
-1.40172209e+01     9.51056516e-01
-1.40172209e+01    -2.12662702e+00
-6.35410197e+00    -1.26740054e+01
-2.30901699e+00    -1.39883332e+01
 1.00901699e+01    -9.95959314e+00
 1.25901699e+01    -6.51863834e+00
 1.25901699e+01     6.51863834e+00
 1.00901699e+01     9.95959314e+00
-2.30901699e+00     1.39883332e+01
-6.35410197e+00     1.26740054e+01
-1.40172209e+01     2.12662702e+00
-1.42082039e+01    -1.53884177e+00
-5.85410197e+00    -1.30372767e+01
-2.92705098e+00    -1.39883332e+01
 1.05901699e+01    -9.59632188e+00
 1.23991869e+01    -7.10642359e+00
 1.23991869e+01     7.10642359e+00
 1.05901699e+01     9.59632188e+00
-2.92705098e+00     1.39883332e+01
-5.85410197e+00     1.30372767e+01
-1.42082039e+01     1.53884177e+00
-1.20901699e+01    -8.05748011e+00
-1.13991869e+01    -9.00853662e+00
 3.92705098e+00    -1.39883332e+01
 5.04508497e+00    -1.36250619e+01
 1.45172209e+01    -5.87785252e-01
 1.45172209e+01     5.87785252e-01
 5.04508497e+00     1.36250619e+01
 3.92705098e+00     1.39883332e+01
-1.13991869e+01     9.00853662e+00
-1.20901699e+01     8.05748011e+00
-1.40172209e+01    -4.02874005e+00
-1.37082039e+01    -4.97979657e+00
-8.97213595e+00    -1.14984349e+01
-8.16311896e+00    -1.20862202e+01
-5.00000000e-01    -1.45761184e+01
 5.00000000e-01    -1.45761184e+01
 8.16311896e+00    -1.20862202e+01
 8.97213595e+00    -1.14984349e+01
 1.37082039e+01    -4.97979657e+00
 1.40172209e+01    -4.02874005e+00
 1.40172209e+01     4.02874005e+00
 1.37082039e+01     4.97979657e+00
 8.97213595e+00     1.14984349e+01
 8.16311896e+00     1.20862202e+01
 5.00000000e-01     1.45761184e+01
-5.00000000e-01     1.45761184e+01
-8.16311896e+00     1.20862202e+01
-8.97213595e+00     1.14984349e+01
-1.37082039e+01     4.97979657e+00
-1.40172209e+01     4.02874005e+00
-1.47082039e+01    -1.11022302e-16
-4.54508497e+00    -1.39883332e+01
 1.18991869e+01    -8.64526536e+00
 1.18991869e+01     8.64526536e+00
-4.54508497e+00     1.39883332e+01
-1.32082039e+01    -6.51863834e+00
-1.02811529e+01    -1.05473784e+01
 2.11803399e+00    -1.45761184e+01
 6.85410197e+00    -1.30372767e+01
 1.45172209e+01    -2.48989828e+00
 1.45172209e+01     2.48989828e+00
 6.85410197e+00     1.30372767e+01
 2.11803399e+00     1.45761184e+01
-1.02811529e+01     1.05473784e+01
-1.32082039e+01     6.51863834e+00
-1.28991869e+01    -7.46969485e+00
-1.10901699e+01    -9.95959314e+00
 3.11803399e+00    -1.45761184e+01
 6.04508497e+00    -1.36250619e+01
 1.48262379e+01    -1.53884177e+00
 1.48262379e+01     1.53884177e+00
 6.04508497e+00     1.36250619e+01
 3.11803399e+00     1.45761184e+01
-1.10901699e+01     9.95959314e+00
-1.28991869e+01     7.46969485e+00
-1.47082039e+01    -3.07768354e+00
-7.47213595e+00    -1.30372767e+01
-1.61803399e+00    -1.49393897e+01
 1.00901699e+01    -1.11351636e+01
 1.37082039e+01    -6.15536707e+00
 1.37082039e+01     6.15536707e+00
 1.00901699e+01     1.11351636e+01
-1.61803399e+00     1.49393897e+01
-7.47213595e+00     1.30372767e+01
-1.47082039e+01     3.07768354e+00
-1.50172209e+01    -9.51056516e-01
-5.54508497e+00    -1.39883332e+01
-3.73606798e+00    -1.45761184e+01
 1.15901699e+01    -9.59632188e+00
 1.27082039e+01    -8.05748011e+00
 1.27082039e+01     8.05748011e+00
 1.15901699e+01     9.59632188e+00
-3.73606798e+00     1.45761184e+01
-5.54508497e+00     1.39883332e+01
-1.50172209e+01     9.51056516e-01
-1.50172209e+01    -2.12662702e+00
-6.66311896e+00    -1.36250619e+01
-2.61803399e+00    -1.49393897e+01
 1.08991869e+01    -1.05473784e+01
 1.33991869e+01    -7.10642359e+00
 1.33991869e+01     7.10642359e+00
 1.08991869e+01     1.05473784e+01
-2.61803399e+00     1.49393897e+01
-6.66311896e+00     1.36250619e+01
-1.50172209e+01     2.12662702e+00
-1.40172209e+01    -5.93085309e+00
-9.97213595e+00    -1.14984349e+01
 1.30901699e+00    -1.51639037e+01
 7.85410197e+00    -1.30372767e+01
 1.48262379e+01    -3.44095480e+00
 1.48262379e+01     3.44095480e+00
 7.85410197e+00     1.30372767e+01
 1.30901699e+00     1.51639037e+01
-9.97213595e+00     1.14984349e+01
-1.40172209e+01     5.93085309e+00
-1.53262379e+01    -2.22044605e-16
-1.23991869e+01    -9.00853662e+00
-4.73606798e+00    -1.45761184e+01
 4.73606798e+00    -1.45761184e+01
 1.23991869e+01    -9.00853662e+00
 1.53262379e+01    -6.24336455e-16
 1.23991869e+01     9.00853662e+00
 4.73606798e+00     1.45761184e+01
-4.73606798e+00     1.45761184e+01
-1.23991869e+01     9.00853662e+00
-1.47082039e+01    -4.97979657e+00
-9.28115295e+00    -1.24494914e+01
 1.90983006e-01    -1.55271750e+01
 8.97213595e+00    -1.26740054e+01
 1.48262379e+01    -4.61652531e+00
 1.48262379e+01     4.61652531e+00
 8.97213595e+00     1.26740054e+01
 1.90983006e-01     1.55271750e+01
-9.28115295e+00     1.24494914e+01
-1.47082039e+01     4.97979657e+00
-1.50172209e+01    -4.02874005e+00
-8.47213595e+00    -1.30372767e+01
-8.09016994e-01    -1.55271750e+01
 9.78115295e+00    -1.20862202e+01
 1.45172209e+01    -5.56758182e+00
 1.45172209e+01     5.56758182e+00
 9.78115295e+00     1.20862202e+01
-8.09016994e-01     1.55271750e+01
-8.47213595e+00     1.30372767e+01
-1.50172209e+01     4.02874005e+00
-1.53262379e+01    -3.07768354e+00
-1.42082039e+01    -6.51863834e+00
-1.05901699e+01    -1.14984349e+01
-7.66311896e+00    -1.36250619e+01
-1.80901699e+00    -1.55271750e+01
 1.80901699e+00    -1.55271750e+01
 7.66311896e+00    -1.36250619e+01
 1.05901699e+01    -1.14984349e+01
 1.42082039e+01    -6.51863834e+00
 1.53262379e+01    -3.07768354e+00
 1.53262379e+01     3.07768354e+00
 1.42082039e+01     6.51863834e+00
 1.05901699e+01     1.14984349e+01
 7.66311896e+00     1.36250619e+01
 1.80901699e+00     1.55271750e+01
-1.80901699e+00     1.55271750e+01
-7.66311896e+00     1.36250619e+01
-1.05901699e+01     1.14984349e+01
-1.42082039e+01     6.51863834e+00
-1.53262379e+01     3.07768354e+00
-1.32082039e+01    -8.42075137e+00
-1.20901699e+01    -9.95959314e+00
 3.92705098e+00    -1.51639037e+01
 5.73606798e+00    -1.45761184e+01
 1.56352549e+01    -9.51056516e-01
 1.56352549e+01     9.51056516e-01
 5.73606798e+00     1.45761184e+01
 3.92705098e+00     1.51639037e+01
-1.20901699e+01     9.95959314e+00
-1.32082039e+01     8.42075137e+00
-1.40172209e+01    -7.10642359e+00
-1.10901699e+01    -1.11351636e+01
 2.42705098e+00    -1.55271750e+01
 7.16311896e+00    -1.39883332e+01
 1.55172209e+01    -2.48989828e+00
 1.55172209e+01     2.48989828e+00
 7.16311896e+00     1.39883332e+01
 2.42705098e+00     1.55271750e+01
-1.10901699e+01     1.11351636e+01
-1.40172209e+01     7.10642359e+00
-1.58262379e+01    -1.53884177e+00
-1.37082039e+01    -8.05748011e+00
-1.18991869e+01    -1.05473784e+01
-6.35410197e+00    -1.45761184e+01
-3.42705098e+00    -1.55271750e+01
 3.42705098e+00    -1.55271750e+01
 6.35410197e+00    -1.45761184e+01
 1.18991869e+01    -1.05473784e+01
 1.37082039e+01    -8.05748011e+00
 1.58262379e+01    -1.53884177e+00
 1.58262379e+01     1.53884177e+00
 1.37082039e+01     8.05748011e+00
 1.18991869e+01     1.05473784e+01
 6.35410197e+00     1.45761184e+01
 3.42705098e+00     1.55271750e+01
-3.42705098e+00     1.55271750e+01
-6.35410197e+00     1.45761184e+01
-1.18991869e+01     1.05473784e+01
-1.37082039e+01     8.05748011e+00
-1.58262379e+01     1.53884177e+00
-1.53262379e+01    -4.97979657e+00
-9.47213595e+00    -1.30372767e+01
-1.11022302e-16    -1.61149602e+01
 9.47213595e+00    -1.30372767e+01
 1.53262379e+01    -4.97979657e+00
 1.53262379e+01     4.97979657e+00
 9.47213595e+00     1.30372767e+01
 2.88657986e-15     1.61149602e+01
-9.47213595e+00     1.30372767e+01
-1.53262379e+01     4.97979657e+00
-1.61352549e+01    -5.87785252e-01
-1.50172209e+01    -5.93085309e+00
-1.02811529e+01    -1.24494914e+01
-5.54508497e+00    -1.51639037e+01
-4.42705098e+00    -1.55271750e+01
 1.00000000e+00    -1.61149602e+01
 8.66311896e+00    -1.36250619e+01
 1.27082039e+01    -9.95959314e+00
 1.33991869e+01    -9.00853662e+00
 1.56352549e+01    -4.02874005e+00
 1.56352549e+01     4.02874005e+00
 1.33991869e+01     9.00853662e+00
 1.27082039e+01     9.95959314e+00
 8.66311896e+00     1.36250619e+01
 1.00000000e+00     1.61149602e+01
-4.42705098e+00     1.55271750e+01
-5.54508497e+00     1.51639037e+01
-1.02811529e+01     1.24494914e+01
-1.50172209e+01     5.93085309e+00
-1.61352549e+01     5.87785252e-01
-1.58262379e+01    -3.44095480e+00
-8.16311896e+00    -1.39883332e+01
-1.61803399e+00    -1.61149602e+01
 1.07811529e+01    -1.20862202e+01
 1.48262379e+01    -6.51863834e+00
 1.48262379e+01     6.51863834e+00
 1.07811529e+01     1.20862202e+01
-1.61803399e+00     1.61149602e+01
-8.16311896e+00     1.39883332e+01
-1.58262379e+01     3.44095480e+00
-1.61352549e+01    -2.48989828e+00
-1.32082039e+01    -9.59632188e+00
-7.35410197e+00    -1.45761184e+01
-2.61803399e+00    -1.61149602e+01
 5.04508497e+00    -1.55271750e+01
 1.15901699e+01    -1.14984349e+01
 1.45172209e+01    -7.46969485e+00
 1.63262379e+01    -7.77156117e-16
 1.45172209e+01     7.46969485e+00
 1.15901699e+01     1.14984349e+01
 5.04508497e+00     1.55271750e+01
-2.61803399e+00     1.61149602e+01
-7.35410197e+00     1.45761184e+01
-1.32082039e+01     9.59632188e+00
-1.61352549e+01     2.48989828e+00
-1.58262379e+01    -4.61652531e+00
-9.28115295e+00    -1.36250619e+01
-5.00000000e-01    -1.64782315e+01
 1.00901699e+01    -1.30372767e+01
 1.55172209e+01    -5.56758182e+00
 1.55172209e+01     5.56758182e+00
 1.00901699e+01     1.30372767e+01
-5.00000000e-01     1.64782315e+01
-9.28115295e+00     1.36250619e+01
-1.58262379e+01     4.61652531e+00
-1.50172209e+01    -7.10642359e+00
-1.13991869e+01    -1.20862202e+01
 2.11803399e+00    -1.64782315e+01
 7.97213595e+00    -1.45761184e+01
 1.63262379e+01    -3.07768354e+00
 1.63262379e+01     3.07768354e+00
 7.97213595e+00     1.45761184e+01
 2.11803399e+00     1.64782315e+01
-1.13991869e+01     1.20862202e+01
-1.50172209e+01     7.10642359e+00
-1.66352549e+01    -9.51056516e-01
-1.40172209e+01    -9.00853662e+00
-1.28991869e+01    -1.05473784e+01
-6.04508497e+00    -1.55271750e+01
-4.23606798e+00    -1.61149602e+01
 4.23606798e+00    -1.61149602e+01
 6.04508497e+00    -1.55271750e+01
 1.28991869e+01    -1.05473784e+01
 1.40172209e+01    -9.00853662e+00
 1.66352549e+01    -9.51056516e-01
 1.66352549e+01     9.51056516e-01
 1.40172209e+01     9.00853662e+00
 1.28991869e+01     1.05473784e+01
 6.04508497e+00     1.55271750e+01
 4.23606798e+00     1.61149602e+01
-4.23606798e+00     1.61149602e+01
-6.04508497e+00     1.55271750e+01
-1.28991869e+01     1.05473784e+01
-1.40172209e+01     9.00853662e+00
-1.66352549e+01     9.51056516e-01
-1.47082039e+01    -8.05748011e+00
-1.22082039e+01    -1.14984349e+01
 3.11803399e+00    -1.64782315e+01
 7.16311896e+00    -1.51639037e+01
 1.66352549e+01    -2.12662702e+00
 1.66352549e+01     2.12662702e+00
 7.16311896e+00     1.51639037e+01
 3.11803399e+00     1.64782315e+01
-1.22082039e+01     1.14984349e+01
-1.47082039e+01     8.05748011e+00
-1.68262379e+01    -1.53884177e+00
-6.66311896e+00    -1.55271750e+01
-3.73606798e+00    -1.64782315e+01
 1.27082039e+01    -1.11351636e+01
 1.45172209e+01    -8.64526536e+00
 1.45172209e+01     8.64526536e+00
 1.27082039e+01     1.11351636e+01
-3.73606798e+00     1.64782315e+01
-6.66311896e+00     1.55271750e+01
-1.68262379e+01     1.53884177e+00
-1.69442719e+01    -6.86155564e-17
-1.37082039e+01    -9.95959314e+00
-5.23606798e+00    -1.61149602e+01
 5.23606798e+00    -1.61149602e+01
 1.37082039e+01    -9.95959314e+00
 1.69442719e+01    -8.88178420e-16
 1.37082039e+01     9.95959314e+00
 5.23606798e+00     1.61149602e+01
-5.23606798e+00     1.61149602e+01
-1.37082039e+01     9.95959314e+00
-1.61352549e+01    -5.56758182e+00
-1.02811529e+01    -1.36250619e+01
 3.09016994e-01    -1.70660167e+01
 9.78115295e+00    -1.39883332e+01
 1.63262379e+01    -4.97979657e+00
 1.63262379e+01     4.97979657e+00
 9.78115295e+00     1.39883332e+01
 3.09016994e-01     1.70660167e+01
-1.02811529e+01     1.36250619e+01
-1.61352549e+01     5.56758182e+00
-1.66352549e+01    -4.02874005e+00
-1.58262379e+01    -6.51863834e+00
-1.10901699e+01    -1.30372767e+01
-8.97213595e+00    -1.45761184e+01
-1.30901699e+00    -1.70660167e+01
 1.30901699e+00    -1.70660167e+01
 8.97213595e+00    -1.45761184e+01
 1.10901699e+01    -1.30372767e+01
 1.58262379e+01    -6.51863834e+00
 1.66352549e+01    -4.02874005e+00
 1.66352549e+01     4.02874005e+00
 1.58262379e+01     6.51863834e+00
 1.10901699e+01     1.30372767e+01
 8.97213595e+00     1.45761184e+01
 1.30901699e+00     1.70660167e+01
-1.30901699e+00     1.70660167e+01
-8.97213595e+00     1.45761184e+01
-1.10901699e+01     1.30372767e+01
-1.58262379e+01     6.51863834e+00
-1.66352549e+01     4.02874005e+00
-1.69442719e+01    -3.07768354e+00
-8.16311896e+00    -1.51639037e+01
-2.30901699e+00    -1.70660167e+01
 1.18991869e+01    -1.24494914e+01
 1.55172209e+01    -7.46969485e+00
 1.55172209e+01     7.46969485e+00
 1.18991869e+01     1.24494914e+01
-2.30901699e+00     1.70660167e+01
-8.16311896e+00     1.51639037e+01
-1.69442719e+01     3.07768354e+00
-1.71352549e+01    -2.48989828e+00
-1.53262379e+01    -8.05748011e+00
-1.23991869e+01    -1.20862202e+01
-7.66311896e+00    -1.55271750e+01
-2.92705098e+00    -1.70660167e+01
 2.92705098e+00    -1.70660167e+01
 7.66311896e+00    -1.55271750e+01
 1.23991869e+01    -1.20862202e+01
 1.53262379e+01    -8.05748011e+00
 1.71352549e+01    -2.48989828e+00
 1.71352549e+01     2.48989828e+00
 1.53262379e+01     8.05748011e+00
 1.23991869e+01     1.20862202e+01
 7.66311896e+00     1.55271750e+01
 2.92705098e+00     1.70660167e+01
-2.92705098e+00     1.70660167e+01
-7.66311896e+00     1.55271750e+01
-1.23991869e+01     1.20862202e+01
-1.53262379e+01     8.05748011e+00
-1.71352549e+01     2.48989828e+00
-1.50172209e+01    -9.00853662e+00
-1.32082039e+01    -1.14984349e+01
 3.92705098e+00    -1.70660167e+01
 6.85410197e+00    -1.61149602e+01
 1.74442719e+01    -1.53884177e+00
 1.74442719e+01     1.53884177e+00
 6.85410197e+00     1.61149602e+01
 3.92705098e+00     1.70660167e+01
-1.32082039e+01     1.14984349e+01
-1.50172209e+01     9.00853662e+00
-1.76352549e+01    -9.51056516e-01
-1.69442719e+01    -4.97979657e+00
-9.97213595e+00    -1.45761184e+01
-6.35410197e+00    -1.64782315e+01
-4.54508497e+00    -1.70660167e+01
-5.00000000e-01    -1.76538020e+01
 1.07811529e+01    -1.39883332e+01
 1.37082039e+01    -1.11351636e+01
 1.48262379e+01    -9.59632188e+00
 1.66352549e+01    -5.93085309e+00
 1.66352549e+01     5.93085309e+00
 1.48262379e+01     9.59632188e+00
 1.37082039e+01     1.11351636e+01
 1.07811529e+01     1.39883332e+01
-5.00000000e-01     1.76538020e+01
-4.54508497e+00     1.70660167e+01
-6.35410197e+00     1.64782315e+01
-9.97213595e+00     1.45761184e+01
-1.69442719e+01     4.97979657e+00
-1.76352549e+01     9.51056516e-01
-1.47082039e+01    -9.95959314e+00
-1.40172209e+01    -1.09106497e+01
 4.92705098e+00    -1.70660167e+01
 6.04508497e+00    -1.67027455e+01
 1.77532889e+01    -5.87785252e-01
 1.77532889e+01     5.87785252e-01
 6.04508497e+00     1.67027455e+01
 4.92705098e+00     1.70660167e+01
-1.40172209e+01     1.09106497e+01
-1.47082039e+01     9.95959314e+00
-1.61352549e+01    -7.46969485e+00
-1.20901699e+01    -1.30372767e+01
 2.11803399e+00    -1.76538020e+01
 8.66311896e+00    -1.55271750e+01
 1.74442719e+01    -3.44095480e+00
 1.74442719e+01     3.44095480e+00
 8.66311896e+00     1.55271750e+01
 2.11803399e+00     1.76538020e+01
-1.20901699e+01     1.30372767e+01
-1.61352549e+01     7.46969485e+00
-1.58262379e+01    -8.42075137e+00
-1.28991869e+01    -1.24494914e+01
 3.11803399e+00    -1.76538020e+01
 7.85410197e+00    -1.61149602e+01
 1.77532889e+01    -2.48989828e+00
 1.77532889e+01     2.48989828e+00
 7.85410197e+00     1.61149602e+01
 3.11803399e+00     1.76538020e+01
-1.28991869e+01     1.24494914e+01
-1.58262379e+01     8.42075137e+00
-5.54508497e+00    -1.70660167e+01
 1.45172209e+01    -1.05473784e+01
 1.45172209e+01     1.05473784e+01
-5.54508497e+00     1.70660167e+01
-1.79442719e+01     0.00000000e+00
-1.71352549e+01    -5.56758182e+00
-1.05901699e+01    -1.45761184e+01
-4.44089210e-16    -1.80170732e+01
 1.05901699e+01    -1.45761184e+01
 1.71352549e+01    -5.56758182e+00
 1.71352549e+01     5.56758182e+00
 1.05901699e+01     1.45761184e+01
 3.44169138e-15     1.80170732e+01
-1.05901699e+01     1.45761184e+01
-1.71352549e+01     5.56758182e+00
-1.79442719e+01    -1.90211303e+00
-1.68262379e+01    -6.51863834e+00
-1.13991869e+01    -1.39883332e+01
-7.35410197e+00    -1.64782315e+01
-3.73606798e+00    -1.76538020e+01
 1.00000000e+00    -1.80170732e+01
 9.78115295e+00    -1.51639037e+01
 1.33991869e+01    -1.20862202e+01
 1.56352549e+01    -9.00853662e+00
 1.74442719e+01    -4.61652531e+00
 1.74442719e+01     4.61652531e+00
 1.56352549e+01     9.00853662e+00
 1.33991869e+01     1.20862202e+01
 9.78115295e+00     1.51639037e+01
 1.00000000e+00     1.80170732e+01
-3.73606798e+00     1.76538020e+01
-7.35410197e+00     1.64782315e+01
-1.13991869e+01     1.39883332e+01
-1.68262379e+01     6.51863834e+00
-1.79442719e+01     1.90211303e+00
-1.76352549e+01    -4.02874005e+00
-9.28115295e+00    -1.55271750e+01
-1.61803399e+00    -1.80170732e+01
 1.18991869e+01    -1.36250619e+01
 1.66352549e+01    -7.10642359e+00
 1.66352549e+01     7.10642359e+00
 1.18991869e+01     1.36250619e+01
-1.61803399e+00     1.80170732e+01
-9.28115295e+00     1.55271750e+01
-1.76352549e+01     4.02874005e+00
-1.79442719e+01    -3.07768354e+00
-8.47213595e+00    -1.61149602e+01
-2.61803399e+00    -1.80170732e+01
 1.27082039e+01    -1.30372767e+01
 1.63262379e+01    -8.05748011e+00
 1.63262379e+01     8.05748011e+00
 1.27082039e+01     1.30372767e+01
-2.61803399e+00     1.80170732e+01
-8.47213595e+00     1.61149602e+01
-1.79442719e+01     3.07768354e+00
-1.84442719e+01    -1.53884177e+00
-1.58262379e+01    -9.59632188e+00
-1.40172209e+01    -1.20862202e+01
-7.16311896e+00    -1.70660167e+01
-4.23606798e+00    -1.80170732e+01
 4.23606798e+00    -1.80170732e+01
 7.16311896e+00    -1.70660167e+01
 1.40172209e+01    -1.20862202e+01
 1.58262379e+01    -9.59632188e+00
 1.84442719e+01    -1.53884177e+00
 1.84442719e+01     1.53884177e+00
 1.58262379e+01     9.59632188e+00
 1.40172209e+01     1.20862202e+01
 7.16311896e+00     1.70660167e+01
 4.23606798e+00     1.80170732e+01
-4.23606798e+00     1.80170732e+01
-7.16311896e+00     1.70660167e+01
-1.40172209e+01     1.20862202e+01
-1.58262379e+01     9.59632188e+00
-1.84442719e+01     1.53884177e+00
-1.76352549e+01    -5.93085309e+00
-1.10901699e+01    -1.49393897e+01
 1.90983006e-01    -1.86048585e+01
 1.07811529e+01    -1.51639037e+01
 1.77532889e+01    -5.56758182e+00
 1.77532889e+01     5.56758182e+00
 1.07811529e+01     1.51639037e+01
 1.90983006e-01     1.86048585e+01
-1.10901699e+01     1.49393897e+01
-1.76352549e+01     5.93085309e+00
-1.79442719e+01    -4.97979657e+00
-1.02811529e+01    -1.55271750e+01
-8.09016994e-01    -1.86048585e+01
 1.15901699e+01    -1.45761184e+01
 1.74442719e+01    -6.51863834e+00
 1.74442719e+01     6.51863834e+00
 1.15901699e+01     1.45761184e+01
-8.09016994e-01     1.86048585e+01
-1.02811529e+01     1.55271750e+01
-1.79442719e+01     4.97979657e+00
-1.82532889e+01    -4.02874005e+00
-1.71352549e+01    -7.46969485e+00
-1.23991869e+01    -1.39883332e+01
-9.47213595e+00    -1.61149602e+01
-1.80901699e+00    -1.86048585e+01
 1.80901699e+00    -1.86048585e+01
 9.47213595e+00    -1.61149602e+01
 1.23991869e+01    -1.39883332e+01
 1.71352549e+01    -7.46969485e+00
 1.82532889e+01    -4.02874005e+00
 1.82532889e+01     4.02874005e+00
 1.71352549e+01     7.46969485e+00
 1.23991869e+01     1.39883332e+01
 9.47213595e+00     1.61149602e+01
 1.80901699e+00     1.86048585e+01
-1.80901699e+00     1.86048585e+01
-9.47213595e+00     1.61149602e+01
-1.23991869e+01     1.39883332e+01
-1.71352549e+01     7.46969485e+00
-1.82532889e+01     4.02874005e+00
-1.87532889e+01    -5.87785252e-01
-1.69442719e+01    -8.05748011e+00
-1.28991869e+01    -1.36250619e+01
-6.35410197e+00    -1.76538020e+01
-5.23606798e+00    -1.80170732e+01
 2.42705098e+00    -1.86048585e+01
 8.97213595e+00    -1.64782315e+01
 1.48262379e+01    -1.14984349e+01
 1.55172209e+01    -1.05473784e+01
 1.84442719e+01    -3.44095480e+00
 1.84442719e+01     3.44095480e+00
 1.55172209e+01     1.05473784e+01
 1.48262379e+01     1.14984349e+01
 8.97213595e+00     1.64782315e+01
 2.42705098e+00     1.86048585e+01
-5.23606798e+00     1.80170732e+01
-6.35410197e+00     1.76538020e+01
-1.28991869e+01     1.36250619e+01
-1.69442719e+01     8.05748011e+00
-1.87532889e+01     5.87785252e-01
-1.87532889e+01    -2.48989828e+00
-1.66352549e+01    -9.00853662e+00
-1.37082039e+01    -1.30372767e+01
-8.16311896e+00    -1.70660167e+01
-3.42705098e+00    -1.86048585e+01
 3.42705098e+00    -1.86048585e+01
 8.16311896e+00    -1.70660167e+01
 1.37082039e+01    -1.30372767e+01
 1.66352549e+01    -9.00853662e+00
 1.87532889e+01    -2.48989828e+00
 1.87532889e+01     2.48989828e+00
 1.66352549e+01     9.00853662e+00
 1.37082039e+01     1.30372767e+01
 8.16311896e+00     1.70660167e+01
 3.42705098e+00     1.86048585e+01
-3.42705098e+00     1.86048585e+01
-8.16311896e+00     1.70660167e+01
-1.37082039e+01     1.30372767e+01
-1.66352549e+01     9.00853662e+00
-1.87532889e+01     2.48989828e+00
-1.76352549e+01    -7.10642359e+00
-1.22082039e+01    -1.45761184e+01
 1.30901699e+00    -1.89681298e+01
 1.00901699e+01    -1.61149602e+01
 1.84442719e+01    -4.61652531e+00
 1.84442719e+01     4.61652531e+00
 1.00901699e+01     1.61149602e+01
 1.30901699e+00     1.89681298e+01
-1.22082039e+01     1.45761184e+01
-1.76352549e+01     7.10642359e+00
-1.90623059e+01    -1.53884177e+00
-7.35410197e+00    -1.76538020e+01
-4.42705098e+00    -1.86048585e+01
 1.45172209e+01    -1.24494914e+01
 1.63262379e+01    -9.95959314e+00
 1.63262379e+01     9.95959314e+00
 1.45172209e+01     1.24494914e+01
-4.42705098e+00     1.86048585e+01
-7.35410197e+00     1.76538020e+01
-1.90623059e+01     1.53884177e+00
-1.87532889e+01    -4.39201132e+00
-9.97213595e+00    -1.64782315e+01
-1.61803399e+00    -1.91926438e+01
 1.25901699e+01    -1.45761184e+01
 1.77532889e+01    -7.46969485e+00
 1.77532889e+01     7.46969485e+00
 1.25901699e+01     1.45761184e+01
-1.61803399e+00     1.91926438e+01
-9.97213595e+00     1.64782315e+01
-1.87532889e+01     4.39201132e+00
-1.90623059e+01    -3.44095480e+00
-9.16311896e+00    -1.70660167e+01
-2.61803399e+00    -1.91926438e+01
 1.33991869e+01    -1.39883332e+01
 1.74442719e+01    -8.42075137e+00
 1.74442719e+01     8.42075137e+00
 1.33991869e+01     1.39883332e+01
-2.61803399e+00     1.91926438e+01
-9.16311896e+00     1.70660167e+01
-1.90623059e+01     3.44095480e+00
-1.87532889e+01    -5.56758182e+00
-1.84442719e+01    -6.51863834e+00
-1.18991869e+01    -1.55271750e+01
-1.10901699e+01    -1.61149602e+01
-5.00000000e-01    -1.95559150e+01
 5.00000000e-01    -1.95559150e+01
 1.10901699e+01    -1.61149602e+01
 1.18991869e+01    -1.55271750e+01
 1.84442719e+01    -6.51863834e+00
 1.87532889e+01    -5.56758182e+00
 1.87532889e+01     5.56758182e+00
 1.84442719e+01     6.51863834e+00
 1.18991869e+01     1.55271750e+01
 1.10901699e+01     1.61149602e+01
 5.00000000e-01     1.95559150e+01
-5.00000000e-01     1.95559150e+01
-1.10901699e+01     1.61149602e+01
-1.18991869e+01     1.55271750e+01
-1.84442719e+01     6.51863834e+00
-1.87532889e+01     5.56758182e+00
-1.79442719e+01    -8.05748011e+00
-1.32082039e+01    -1.45761184e+01
 2.11803399e+00    -1.95559150e+01
 9.78115295e+00    -1.70660167e+01
 1.92532889e+01    -4.02874005e+00
 1.92532889e+01     4.02874005e+00
 9.78115295e+00     1.70660167e+01
 2.11803399e+00     1.95559150e+01
-1.32082039e+01     1.45761184e+01
-1.79442719e+01     8.05748011e+00
-1.76352549e+01    -9.00853662e+00
-1.40172209e+01    -1.39883332e+01
 3.11803399e+00    -1.95559150e+01
 8.97213595e+00    -1.76538020e+01
 1.95623059e+01    -3.07768354e+00
 1.95623059e+01     3.07768354e+00
 8.97213595e+00     1.76538020e+01
 3.11803399e+00     1.95559150e+01
-1.40172209e+01     1.39883332e+01
-1.76352549e+01     9.00853662e+00
-1.97532889e+01    -2.48989828e+00
-8.47213595e+00    -1.80170732e+01
-3.73606798e+00    -1.95559150e+01
 1.45172209e+01    -1.36250619e+01
 1.74442719e+01    -9.59632188e+00
 1.74442719e+01     9.59632188e+00
 1.45172209e+01     1.36250619e+01
-3.73606798e+00     1.95559150e+01
-8.47213595e+00     1.80170732e+01
-1.97532889e+01     2.48989828e+00
-2.00623059e+01    -1.53884177e+00
-7.66311896e+00    -1.86048585e+01
-4.73606798e+00    -1.95559150e+01
 1.53262379e+01    -1.30372767e+01
 1.71352549e+01    -1.05473784e+01
 1.71352549e+01     1.05473784e+01
 1.53262379e+01     1.30372767e+01
-4.73606798e+00     1.95559150e+01
-7.66311896e+00     1.86048585e+01
-2.00623059e+01     1.53884177e+00
-1.90623059e+01    -6.51863834e+00
-1.20901699e+01    -1.61149602e+01
 3.09016994e-01    -2.01437003e+01
 1.15901699e+01    -1.64782315e+01
 1.92532889e+01    -5.93085309e+00
 1.92532889e+01     5.93085309e+00
 1.15901699e+01     1.64782315e+01
 3.09016994e-01     2.01437003e+01
-1.20901699e+01     1.61149602e+01
-1.90623059e+01     6.51863834e+00
-1.95623059e+01    -4.97979657e+00
-1.87532889e+01    -7.46969485e+00
-1.28991869e+01    -1.55271750e+01
-1.07811529e+01    -1.70660167e+01
-1.30901699e+00    -2.01437003e+01
 1.30901699e+00    -2.01437003e+01
 1.07811529e+01    -1.70660167e+01
 1.28991869e+01    -1.55271750e+01
 1.87532889e+01    -7.46969485e+00
 1.95623059e+01    -4.97979657e+00
 1.95623059e+01     4.97979657e+00
 1.87532889e+01     7.46969485e+00
 1.28991869e+01     1.55271750e+01
 1.07811529e+01     1.70660167e+01
 1.30901699e+00     2.01437003e+01
-1.30901699e+00     2.01437003e+01
-1.07811529e+01     1.70660167e+01
-1.28991869e+01     1.55271750e+01
-1.87532889e+01     7.46969485e+00
-1.95623059e+01     4.97979657e+00
-1.97532889e+01    -5.56758182e+00
-1.13991869e+01    -1.70660167e+01
-8.09016994e-01    -2.05069715e+01
 1.27082039e+01    -1.61149602e+01
 1.92532889e+01    -7.10642359e+00
 1.92532889e+01     7.10642359e+00
 1.27082039e+01     1.61149602e+01
-8.09016994e-01     2.05069715e+01
-1.13991869e+01     1.70660167e+01
-1.97532889e+01     5.56758182e+00
-1.87532889e+01    -8.64526536e+00
-1.40172209e+01    -1.51639037e+01
 2.42705098e+00    -2.05069715e+01
 1.00901699e+01    -1.80170732e+01
 2.02532889e+01    -4.02874005e+00
 2.02532889e+01     4.02874005e+00
 1.00901699e+01     1.80170732e+01
 2.42705098e+00     2.05069715e+01
-1.40172209e+01     1.51639037e+01
-1.87532889e+01     8.64526536e+00
-2.00623059e+01    -6.51863834e+00
-1.23991869e+01    -1.70660167e+01
-2.22044605e-15    -2.10947568e+01
 1.23991869e+01    -1.70660167e+01
 2.00623059e+01    -6.51863834e+00
 2.00623059e+01     6.51863834e+00
 1.23991869e+01     1.70660167e+01
 2.66453526e-15     2.10947568e+01
-1.23991869e+01     1.70660167e+01
-2.00623059e+01     6.51863834e+00
-1.97532889e+01    -7.46969485e+00
-1.32082039e+01    -1.64782315e+01
 1.00000000e+00    -2.10947568e+01
 1.15901699e+01    -1.76538020e+01
 2.03713229e+01    -5.56758182e+00
 2.03713229e+01     5.56758182e+00
 1.15901699e+01     1.76538020e+01
 1.00000000e+00     2.10947568e+01
-1.32082039e+01     1.64782315e+01
-1.97532889e+01     7.46969485e+00
-2.05623059e+01    -4.97979657e+00
-1.95623059e+01    -8.05748011e+00
-1.37082039e+01    -1.61149602e+01
-1.10901699e+01    -1.80170732e+01
-1.61803399e+00    -2.10947568e+01
 1.61803399e+00    -2.10947568e+01
 1.10901699e+01    -1.80170732e+01
 1.37082039e+01    -1.61149602e+01
 1.95623059e+01    -8.05748011e+00
 2.05623059e+01    -4.97979657e+00
 2.05623059e+01     4.97979657e+00
 1.95623059e+01     8.05748011e+00
 1.37082039e+01     1.61149602e+01
 1.10901699e+01     1.80170732e+01
 1.61803399e+00     2.10947568e+01
-1.61803399e+00     2.10947568e+01
-1.10901699e+01     1.80170732e+01
-1.37082039e+01     1.61149602e+01
-1.95623059e+01     8.05748011e+00
-2.05623059e+01     4.97979657e+00
-2.05623059e+01    -8.05748011e+00
-1.40172209e+01    -1.70660167e+01
 1.30901699e+00    -2.20458133e+01
 1.18991869e+01    -1.86048585e+01
 2.13713229e+01    -5.56758182e+00
 2.13713229e+01     5.56758182e+00
 1.18991869e+01     1.86048585e+01
 1.30901699e+00     2.20458133e+01
-1.40172209e+01     1.70660167e+01
-2.05623059e+01     8.05748011e+00
