1  
2  3  4  5  6  
8  10  12  14  16  
7  9  11  13  15  
27  28  29  30  31  
42  43  44  45  46  
67  69  71  73  75  
68  70  72  74  76  
107  109  111  113  115  
108  110  112  114  116  
127  128  129  130  131  
182  183  184  185  186  
217  218  219  220  221  
232  233  234  235  236  
277  278  279  280  281  
343  345  347  349  351  
342  344  346  348  350  
393  396  399  402  405  
467  469  471  473  475  
468  470  472  474  476  
547  550  553  556  559  
622  623  624  625  626  
717  719  721  723  725  
718  720  722  724  726  
837  838  839  840  841  
903  905  907  909  911  
902  904  906  908  910  
1033  1036  1039  1042  1045  
1108  1110  1112  1114  1116  
1107  1109  1111  1113  1115  
1237  1238  1239  1240  1241  
17  18  19  20  21  22  23  24  25  26  
32  33  34  35  36  37  38  39  40  41  
47  48  49  50  51  52  53  54  55  56  
57  58  59  60  61  62  63  64  65  66  
77  78  79  80  81  82  83  84  85  86  
87  88  89  90  91  92  93  94  95  96  
97  98  99  100  101  102  103  104  105  106  
117  118  119  120  121  122  123  124  125  126  
132  133  134  135  136  137  138  139  140  141  
142  143  144  145  146  147  148  149  150  151  
153  154  157  158  161  162  165  166  169  170  
152  155  156  159  160  163  164  167  168  171  
172  173  174  175  176  177  178  179  180  181  
187  188  189  190  191  192  193  194  195  196  
198  199  202  203  206  207  210  211  214  215  
197  200  201  204  205  208  209  212  213  216  
222  223  224  225  226  227  228  229  230  231  
237  238  239  240  241  242  243  244  245  246  
247  248  249  250  251  252  253  254  255  256  
258  259  262  263  266  267  270  271  274  275  
257  260  261  264  265  268  269  272  273  276  
283  284  287  288  291  292  295  296  299  300  
282  285  286  289  290  293  294  297  298  301  
302  303  304  305  306  307  308  309  310  311  
313  314  317  318  321  322  325  326  329  330  
312  315  316  319  320  323  324  327  328  331  
332  333  334  335  336  337  338  339  340  341  
353  354  357  358  361  362  365  366  369  370  
352  355  356  359  360  363  364  367  368  371  
372  373  374  375  376  377  378  379  380  381  
382  383  384  385  386  387  388  389  390  391  
392  394  395  397  398  400  401  403  404  406  
407  408  409  410  411  412  413  414  415  416  
417  418  419  420  421  422  423  424  425  426  
427  428  429  430  431  432  433  434  435  436  
438  439  442  443  446  447  450  451  454  455  
437  440  441  444  445  448  449  452  453  456  
457  458  459  460  461  462  463  464  465  466  
477  478  479  480  481  482  483  484  485  486  
487  488  489  490  491  492  493  494  495  496  
497  498  499  500  501  502  503  504  505  506  
508  509  512  513  516  517  520  521  524  525  
507  510  511  514  515  518  519  522  523  526  
527  528  529  530  531  532  533  534  535  536  
537  538  539  540  541  542  543  544  545  546  
548  549  551  552  554  555  557  558  560  561  
563  564  567  568  571  572  575  576  579  580  
562  565  566  569  570  573  574  577  578  581  
582  583  584  585  586  587  588  589  590  591  
593  594  597  598  601  602  605  606  609  610  
592  595  596  599  600  603  604  607  608  611  
612  613  614  615  616  617  618  619  620  621  
627  628  629  630  631  632  633  634  635  636  
637  638  639  640  641  642  643  644  645  646  
647  648  649  650  651  652  653  654  655  656  
657  658  659  660  661  662  663  664  665  666  
668  669  672  673  676  677  680  681  684  685  
667  670  671  674  675  678  679  682  683  686  
687  688  689  690  691  692  693  694  695  696  
697  698  699  700  701  702  703  704  705  706  
707  708  709  710  711  712  713  714  715  716  
727  728  729  730  731  732  733  734  735  736  
737  738  739  740  741  742  743  744  745  746  
750  751  758  759  766  767  774  775  782  783  
749  752  757  760  765  768  773  776  781  784  
748  753  756  761  764  769  772  777  780  785  
747  754  755  762  763  770  771  778  779  786  
787  788  789  790  791  792  793  794  795  796  
797  798  799  800  801  802  803  804  805  806  
807  808  809  810  811  812  813  814  815  816  
818  819  822  823  826  827  830  831  834  835  
817  820  821  824  825  828  829  832  833  836  
842  843  844  845  846  847  848  849  850  851  
852  853  854  855  856  857  858  859  860  861  
862  863  864  865  866  867  868  869  870  871  
872  873  874  875  876  877  878  879  880  881  
882  883  884  885  886  887  888  889  890  891  
892  893  894  895  896  897  898  899  900  901  
912  913  914  915  916  917  918  919  920  921  
922  923  924  925  926  927  928  929  930  931  
933  934  937  938  941  942  945  946  949  950  
932  935  936  939  940  943  944  947  948  951  
952  953  954  955  956  957  958  959  960  961  
962  963  964  965  966  967  968  969  970  971  
973  974  977  978  981  982  985  986  989  990  
972  975  976  979  980  983  984  987  988  991  
992  993  994  995  996  997  998  999  1000  1001  
1003  1004  1007  1008  1011  1012  1015  1016  1019  1020  
1002  1005  1006  1009  1010  1013  1014  1017  1018  1021  
1022  1023  1024  1025  1026  1027  1028  1029  1030  1031  
1032  1034  1035  1037  1038  1040  1041  1043  1044  1046  
1047  1048  1049  1050  1051  1052  1053  1054  1055  1056  
1057  1058  1059  1060  1061  1062  1063  1064  1065  1066  
1068  1069  1072  1073  1076  1077  1080  1081  1084  1085  
1067  1070  1071  1074  1075  1078  1079  1082  1083  1086  
1087  1088  1089  1090  1091  1092  1093  1094  1095  1096  
1097  1098  1099  1100  1101  1102  1103  1104  1105  1106  
1117  1118  1119  1120  1121  1122  1123  1124  1125  1126  
1128  1129  1132  1133  1136  1137  1140  1141  1144  1145  
1127  1130  1131  1134  1135  1138  1139  1142  1143  1146  
1147  1148  1149  1150  1151  1152  1153  1154  1155  1156  
1158  1159  1162  1163  1166  1167  1170  1171  1174  1175  
1157  1160  1161  1164  1165  1168  1169  1172  1173  1176  
1177  1178  1179  1180  1181  1182  1183  1184  1185  1186  
1188  1189  1192  1193  1196  1197  1200  1201  1204  1205  
1187  1190  1191  1194  1195  1198  1199  1202  1203  1206  
1207  1208  1209  1210  1211  1212  1213  1214  1215  1216  
1217  1218  1219  1220  1221  1222  1223  1224  1225  1226  
1227  1228  1229  1230  1231  1232  1233  1234  1235  1236  
1242  1243  1244  1245  1246  1247  1248  1249  1250  1251  
1253  1254  1257  1258  1261  1262  1265  1266  1269  1270  
1252  1255  1256  1259  1260  1263  1264  1267  1268  1271  
1272  1273  1274  1275  1276  1277  1278  1279  1280  1281  
1282  1283  1284  1285  1286  1287  1288  1289  1290  1291  
1293  1294  1297  1298  1301  1302  1305  1306  1309  1310  
1292  1295  1296  1299  1300  1303  1304  1307  1308  1311  
1312  1313  1314  1315  1316  1317  1318  1319  1320  1321  
1322  1323  1324  1325  1326  1327  1328  1329  1330  1331  
1333  1334  1337  1338  1341  1342  1345  1346  1349  1350  
1332  1335  1336  1339  1340  1343  1344  1347  1348  1351  
1353  1354  1357  1358  1361  1362  1365  1366  1369  1370  
1352  1355  1356  1359  1360  1363  1364  1367  1368  1371  
1373  1374  1377  1378  1381  1382  1385  1386  1389  1390  
1372  1375  1376  1379  1380  1383  1384  1387  1388  1391  
1392  1393  1394  1395  1396  1397  1398  1399  1400  1401  
1402  1403  1404  1405  1406  1407  1408  1409  1410  1411  
1412  1413  1414  1415  1416  1417  1418  1419  1420  1421  
1422  1423  1424  1425  1426  1427  1428  1429  1430  1431  
1433  1434  1437  1438  1441  1442  1445  1446  1449  1450  
1432  1435  1436  1439  1440  1443  1444  1447  1448  1451  
1452  1453  1454  1455  1456  1457  1458  1459  1460  1461  
1462  1463  1464  1465  1466  1467  1468  1469  1470  1471  
1472  1473  1474  1475  1476  1477  1478  1479  1480  1481  
1482  1483  1484  1485  1486  1487  1488  1489  1490  1491  
1492  1493  1494  1495  1496  1497  1498  1499  1500  1501  
1503  1504  1507  1508  1511  1512  1515  1516  1519  1520  
1502  1505  1506  1509  1510  1513  1514  1517  1518  1521  
1522  1523  1524  1525  1526  1527  1528  1529  1530  1531  
1532  1533  1534  1535  1536  1537  1538  1539  1540  1541  
1542  1543  1544  1545  1546  1547  1548  1549  1550  1551  
1552  1553  1554  1555  1556  1557  1558  1559  1560  1561  
1563  1564  1567  1568  1571  1572  1575  1576  1579  1580  
1562  1565  1566  1569  1570  1573  1574  1577  1578  1581  
1582  1583  1584  1585  1586  1587  1588  1589  1590  1591  
