           2           1
           3           2
           4           1
           4           3
           5           4
           6           1
           6           5
           7           1
           8           6
           8           7
           9           7
          10           1
          10           9
          11           2
          11          10
          12           9
          12          11
          13          12
          14          11
          14          13
          15           3
          15          11
          16          15
          17          16
          18          15
          18          17
          19           3
          19           5
          19          18
          20          11
          21          15
          21          20
          22          16
          22          21
          23          17
          23          19
          24          23
          25          19
          25          24
          26           5
          26          25
          27           5
          28          27
          29           5
          29           8
          29          28
          30           5
          31          27
          31          30
          32          26
          32          30
          33          28
          33          31
          34          31
          34          32
          35          34
          36          31
          36          35
          37          33
          37          36
          38           8
          38          28
          39          38
          40           8
          40          39
          41           7
          41          40
          42          41
          43          40
          43          42
          44          39
          44          43
          45          42
          45          44
          46          42
          47          45
          47          46
          48          46
          49           7
          49          42
          49          48
          50           7
          50          48
          51           9
          51          50
          52          28
          52          37
          52          39
          53          37
          53          39
          54          44
          54          53
          55          44
          56          55
          57          44
          57          47
          57          56
          58          48
          58          51
          59          46
          60          48
          60          59
          61          58
          61          60
          62          59
          62          61
          63          62
          64          61
          64          63
          65          51
          65          61
          66          13
          66          65
          67           9
          67          13
          67          65
          68          61
          69          65
          69          68
          70          66
          70          69
          71          14
          72          13
          72          70
          72          71
          73          70
          73          71
          74          71
          75          73
          75          74
          76          20
          76          74
          77          11
          77          71
          77          76
          78          70
          79          78
          80          70
          80          75
          80          79
          81          68
          81          70
          82          78
          82          81
          83          75
          83          79
          84          83
          85          75
          85          84
          86          74
          86          85
          87          78
          88          87
          89          78
          89          88
          90          79
          90          84
          90          89
          91          82
          91          87
          92          88
          92          90
          93          92
          94          90
          94          93
          95          84
          95          94
          96          84
          97          96
          98          84
          98          86
          98          97
          99          21
          99          76
         100          74
         101          76
         101         100
         102          22
         102          99
         102         101
         103         100
         103         102
         104         103
         105         102
         105         104
         106          17
         106          22
         107         102
         108          22
         108         107
         109         106
         109         108
         110         107
         111         110
         112         107
         112         109
         112         111
         113         105
         113         107
         114         110
         114         113
         115         105
         115         114
         116         115
         117         114
         117         116
         118         111
         118         114
         119         118
         120         119
         121         118
         121         120
         122         109
         122         111
         122         121
         123         114
         124         118
         124         123
         125         119
         125         124
         126         120
         126         122
         127         126
         128         122
         128         127
         129         109
         129         128
         130          17
         130          24
         130         109
         131          24
         131         109
         132         129
         132         131
         133          24
         133         132
         134          25
         134          32
         134         133
         135         100
         135         104
         136          86
         136         100
         137         135
         137         136
         138          86
         138          97
         138         137
         139          97
         139         137
         140         104
         140         137
         141         116
         141         140
         142         105
         142         116
         142         140
         143         137
         144         140
         144         143
         145         141
         145         144
         146         117
         147         116
         147         145
         147         146
         148         145
         148         146
         149         146
         150         148
         150         149
         151         123
         151         149
         152         114
         152         146
         152         151
         153         128
         153         132
         154         127
         154         153
         155         132
         155         154
         156         133
         156         155
         157         120
         157         127
         158         157
         159         127
         159         158
         160         154
         160         159
         161         154
         162         161
         163         154
         163         156
         163         162
         164         154
         165         161
         165         164
         166         160
         166         164
         167         162
         167         165
         168         165
         168         166
         169         168
         170         165
         170         169
         171         167
         171         170
         172         156
         172         162
         173         172
         174         156
         174         173
         175         133
         175         174
         176          34
         176         175
         177         174
         177         176
         178         173
         178         177
         179         176
         179         178
         180          34
         180         179
         181          32
         181         133
         181         176
         182         162
         182         171
         182         173
         183         171
         183         173
         184         178
         184         183
         185         178
         186         185
         187         178
         187         180
         187         186
         188          35
         189         188
         190          35
         190          37
         190         189
         191          35
         191         180
         192         188
         192         191
         193         180
         193         186
         193         192
         194         186
         194         192
         195         189
         195         192
         196         195
         197         196
         198         195
         198         197
         199          37
         199         189
         199         198
         200         192
         201         195
         201         200
         202         196
         202         201
         203         197
         203         199
         204         203
         205         199
         205         204
         206          37
         206          54
         206         205
         207         194
         208         186
         208         207
         209         185
         209         208
         210         207
         210         209
         211         207
         212         210
         212         211
         213         200
         213         211
         214         192
         214         207
         214         213
         215         178
         215         209
         216         184
         216         215
         217         209
         217         216
         218         210
         218         217
         219         201
         219         213
         220         211
         221         213
         221         220
         222         202
         222         219
         222         221
         223         220
         223         222
         224         223
         225         222
         225         224
         226         197
         226         202
         227         222
         228         202
         228         227
         229         226
         229         228
         230         212
         230         218
         231         217
         231         230
         232         230
         233         231
         233         232
         234         232
         235         211
         235         230
         235         234
         236         211
         236         234
         237         220
         237         236
         238         217
         239         238
         240         217
         240         233
         240         239
         241         234
         241         237
         242         232
         243         234
         243         242
         244         241
         244         243
         245         242
         245         244
         246         245
         247         244
         247         246
         248         237
         248         244
         249         224
         249         248
         250         220
         250         224
         250         248
         251         244
         252         248
         252         251
         253         249
         253         252
         254         225
         255         224
         255         253
         255         254
         256         253
         256         254
         257         254
         258         256
         258         257
         259         227
         259         257
         260         222
         260         254
         260         259
         261          54
         261         205
         262         204
         262         261
         263          54
         263          55
         263         262
         264         197
         264         204
         264         229
         265         204
         265         229
         266         262
         266         265
         267         262
         268         267
         269          55
         269         262
         269         268
         270         262
         271         267
         271         270
         272         266
         272         270
         273         268
         273         271
         274         271
         274         272
         275         274
         276         271
         276         275
         277         273
         277         276
         278          55
         278         268
         279          56
         279         278
         280          47
         280          56
         281         279
         281         280
         282          47
         282         281
         283          46
         283         282
         284         268
         284         277
         284         279
         285         277
         285         279
         286         281
         286         285
         287         281
         288         287
         289         281
         289         283
         289         288
         290         286
         291         285
         291         290
         292         277
         292         291
         293         290
         293         292
         294         290
         295         293
         295         294
         296         287
         296         294
         297         281
         297         290
         297         296
         298         276
         298         292
         299         292
         300         299
         301         292
         301         295
         301         300
         302         292
         303         299
         303         302
         304         275
         304         298
         304         302
         305         300
         305         303
         306         303
         306         304
         307         306
         308         303
         308         307
         309         305
         309         308
         310         295
         310         300
         311         310
         312         295
         312         311
         313         294
         313         312
         314         313
         315         312
         315         314
         316         311
         316         315
         317         314
         317         316
         318         314
         319         317
         319         318
         320         318
         321         294
         321         314
         321         320
         322         294
         322         320
         323         296
         323         322
         324         300
         324         309
         324         311
         325         309
         325         311
         326         316
         326         325
         327         316
         328         327
         329         316
         329         319
         329         328
         330         320
         330         323
         331         318
         332         320
         332         331
         333         330
         333         332
         334         331
         334         333
         335         334
         336         333
         336         335
         337         323
         337         333
         338         288
         338         337
         339         288
         339         296
         339         337
         340         333
         341         337
         341         340
         342         338
         342         341
         343         283
         343         288
         343         342
         344          59
         344         283
         344         342
         345          63
         345         342
         346          59
         346          63
         346         342
         347         340
         347         342
         348         345
         348         347
         349         345
         350         349
         351          64
         351         345
         351         350
         352         348
         352         349
         353          64
         353         350
         354          91
         354         353
         355          64
         355          68
         355         354
         356         265
         356         272
         357         229
         357         356
         358         272
         358         357
         359         274
         359         358
         360         228
         360         259
         360         357
         361         357
         362         361
         363         357
         363         359
         363         362
         364         259
         364         357
         365         257
         365         361
         365         364
         366         362
         366         365
         367         257
         368         365
         368         367
         369         366
         369         368
         370         359
         370         362
         371         370
         372         359
         372         371
         373         274
         373         372
         374         306
         374         373
         375         372
         375         374
         376         371
         376         375
         377         374
         377         376
         378         306
         378         377
         379         274
         379         304
         379         374
         380         362
         380         369
         380         371
         381         369
         381         371
         382         376
         382         381
         383         376
         384         383
         385         376
         385         378
         385         384
         386         307
         387         386
         388         307
         388         309
         388         387
         389         307
         389         378
         390         386
         390         389
         391         378
         391         384
         391         390
         392         384
         392         390
         393         387
         393         390
         394         393
         395         394
         396         393
         396         395
         397         309
         397         387
         397         396
         398         390
         399         393
         399         398
         400         394
         400         399
         401         395
         401         397
         402         401
         403         397
         403         402
         404         309
         404         326
         404         403
         405         340
         405         348
         406         336
         406         340
         407         352
         407         405
         407         406
         408         336
         408         407
         409         408
         410         407
         410         409
         411         350
         411         352
         412         407
         413         352
         413         412
         414         411
         414         413
         415         331
         415         335
         416         318
         417         331
         417         416
         418         415
         418         417
         419         416
         419         418
         420         419
         421         418
         421         420
         422         335
         422         418
         423         409
         423         422
         424         336
         424         409
         424         422
         425         418
         426         422
         426         425
         427         423
         427         426
         428         410
         429         409
         429         427
         429         428
         430         427
         430         428
         431         428
         432         430
         432         431
         433         412
         433         431
         434         407
         434         428
         434         433
         435         427
         436         435
         437         427
         437         432
         437         436
         438         425
         438         427
         439         435
         439         438
         440         432
         440         436
         441         440
         442         432
         442         441
         443         431
         443         442
         444         435
         445         444
         446         435
         446         445
         447         436
         447         441
         447         446
         448         439
         448         444
         449         445
         449         447
         450         449
         451         447
         451         450
         452         441
         452         451
         453         441
         454         453
         455         441
         455         443
         455         454
         456         413
         456         433
         457         431
         458         433
         458         457
         459         414
         459         456
         459         458
         460         457
         460         459
         461         460
         462         459
         462         461
         463         350
         463         354
         463         414
         464         459
         465         354
         465         414
         465         464
         466         464
         467          91
         467         466
         468         354
         468         464
         468         467
         469         462
         469         464
         470         466
         470         469
         471         462
         471         470
         472         471
         473         470
         473         472
         474         467
         474         470
         475          88
         475          93
         475         474
         476          88
         476          91
         476         474
         477         470
         478          93
         478         474
         478         477
         479          68
         479          82
         479         354
         480         457
         480         461
         481         443
         481         457
         482         480
         482         481
         483         443
         483         454
         483         482
         484         454
         484         482
         485         461
         485         482
         486         472
         486         485
         487         462
         487         472
         487         485
         488         482
         489         485
         489         488
         490         486
         490         489
         491         473
         492         472
         492         490
         492         491
         493         490
         493         491
         494         491
         495         493
         495         494
         496         477
         496         494
         497         470
         497         491
         497         496
         498          95
         499          94
         499         498
         500          93
         500         499
         501         498
         501         500
         502         498
         503         501
         503         502
         504          96
         504         502
         505          84
         505         498
         505         504
         506         478
         506         496
         506         500
         507         500
         508         507
         509         500
         509         503
         509         508
         510         496
         510         500
         511         494
         511         507
         511         510
         512         508
         512         511
         513         494
         514         511
         514         513
         515         512
         515         514
         516         503
         516         508
         517         516
         518         503
         518         517
         519         502
         519         518
         520         519
         521         518
         521         520
         522         517
         522         521
         523         520
         523         522
         524         520
         525         523
         525         524
         526         524
         527         502
         527         520
         527         526
         528         502
         528         526
         529         504
         529         528
         530         508
         530         515
         530         517
         531         515
         531         517
         532         522
         532         531
         533         522
         534         533
         535         522
         535         525
         535         534
         536         526
         536         529
         537         524
         538         526
         538         537
         539         536
         539         538
         540         537
         540         539
         541         540
         542         539
         542         541
         543         139
         543         529
         543         539
         544          97
         544         504
         544         543
         545         143
         545         539
         546         137
         546         543
         546         545
         547         183
         547         216
         548         171
         548         547
         549         216
         549         238
         549         548
         550         170
         550         548
         551         548
         552         551
         553         238
         553         548
         553         552
         554         548
         555         551
         555         554
         556         169
         556         550
         556         554
         557         552
         557         555
         558         555
         558         556
         559         558
         560         555
         560         559
         561         557
         561         560
         562         238
         562         552
         563         239
         563         562
         564         233
         564         239
         565         563
         565         564
         566         233
         566         565
         567         232
         567         566
         568         552
         568         561
         568         563
         569         561
         569         563
         570         565
         570         569
         571         565
         572         571
         573         565
         573         567
         573         572
         574         159
         574         166
         575         158
         575         574
         576         166
         576         575
         577         168
         577         576
         578         120
         578         125
         578         158
         579         125
         579         158
         580         575
         580         579
         581         575
         582         581
         583         575
         583         577
         583         582
         584         575
         585         581
         585         584
         586         580
         586         584
         587         582
         587         585
         588         585
         588         586
         589         588
         590         585
         590         589
         591         587
         591         590
         592         577
         592         582
         593         592
         594         577
         594         593
         595         168
         595         594
         596         558
         596         595
         597         594
         597         596
         598         593
         598         597
         599         596
         599         598
         600         558
         600         599
         601         168
         601         556
         601         596
         602         582
         602         591
         602         593
         603         591
         603         593
         604         598
         604         603
         605         598
         606         605
         607         598
         607         600
         607         606
         608         559
         609         608
         610         559
         610         561
         610         609
         611         559
         611         600
         612         608
         612         611
         613         600
         613         606
         613         612
         614         606
         614         612
         615         609
         615         612
         616         615
         617         616
         618         615
         618         617
         619         561
         619         609
         619         618
         620         612
         621         615
         621         620
         622         616
         622         621
         623         617
         623         619
         624         623
         625         619
         625         624
         626         561
         626         570
         626         625
         627         614
         628         606
         628         627
         629         605
         629         628
         630         627
         630         629
         631         627
         632         630
         632         631
         633         620
         633         631
         634         612
         634         627
         634         633
         635         598
         635         629
         636         604
         636         635
         637         629
         637         636
         638         630
         638         637
         639         621
         639         633
         640         631
         641         633
         641         640
         642         622
         642         639
         642         641
         643         640
         643         642
         644         643
         645         642
         645         644
         646         617
         646         622
         647         642
         648         622
         648         647
         649         646
         649         648
         650         632
         650         638
         651         637
         651         650
         652         650
         653         651
         653         652
         654         652
         655         631
         655         650
         655         654
         656         631
         656         654
         657         640
         657         656
         658         637
         659         658
         660         637
         660         653
         660         659
         661         654
         661         657
         662         652
         663         654
         663         662
         664         661
         664         663
         665         662
         665         664
         666         665
         667         664
         667         666
         668         657
         668         664
         669         644
         669         668
         670         640
         670         644
         670         668
         671         664
         672         668
         672         671
         673         669
         673         672
         674         645
         675         644
         675         673
         675         674
         676         673
         676         674
         677         674
         678         676
         678         677
         679         647
         679         677
         680         642
         680         674
         680         679
         681         570
         681         625
         682         624
         682         681
         683         570
         683         571
         683         682
         684         617
         684         624
         684         649
         685         624
         685         649
         686         682
         686         685
         687         682
         688         687
         689         571
         689         682
         689         688
         690         682
         691         687
         691         690
         692         686
         692         690
         693         688
         693         691
         694         691
         694         692
         695         694
         696         691
         696         695
         697         693
         697         696
         698         571
         698         688
         699         572
         699         698
         700         567
         700         572
         701         699
         701         700
         702         242
         702         567
         702         701
         703         688
         703         697
         703         699
         704         697
         704         699
         705         701
         705         704
         706         246
         706         701
         707         242
         707         246
         707         701
         708         705
         709         704
         709         708
         710         697
         710         709
         711         708
         711         710
         712         708
         713         711
         713         712
         714         706
         714         712
         715         701
         715         708
         715         714
         716         696
         716         710
         717         710
         718         717
         719         710
         719         713
         719         718
         720         710
         721         717
         721         720
         722         695
         722         716
         722         720
         723         718
         723         721
         724         721
         724         722
         725         724
         726         721
         726         725
         727         723
         727         726
         728         713
         728         718
         729         728
         730         713
         730         729
         731         712
         731         730
         732         731
         733         730
         733         732
         734         729
         734         733
         735         732
         735         734
         736         732
         737         735
         737         736
         738         736
         739         712
         739         732
         739         738
         740         712
         740         738
         741         714
         741         740
         742         718
         742         727
         742         729
         743         727
         743         729
         744         734
         744         743
         745         734
         746         745
         747         734
         747         737
         747         746
         748         738
         748         741
         749         736
         750         738
         750         749
         751         748
         751         750
         752         749
         752         751
         753         752
         754         751
         754         753
         755         247
         755         741
         755         751
         756         246
         756         714
         756         755
         757         251
         757         751
         758         244
         758         755
         758         757
         759         685
         759         692
         760         649
         760         759
         761         692
         761         760
         762         694
         762         761
         763         648
         763         679
         763         760
         764         760
         765         764
         766         760
         766         762
         766         765
         767         679
         767         760
         768         677
         768         764
         768         767
         769         765
         769         768
         770         677
         771         768
         771         770
         772         769
         772         771
         773         762
         773         765
         774         773
         775         762
         775         774
         776         694
         776         775
         777         724
         777         776
         778         775
         778         777
         779         774
         779         778
         780         777
         780         779
         781         724
         781         780
         782         694
         782         722
         782         777
         783         765
         783         772
         783         774
         784         772
         784         774
         785         779
         785         784
         786         779
         787         786
         788         779
         788         781
         788         787
         789         725
         790         789
         791         725
         791         727
         791         790
         792         725
         792         781
         793         789
         793         792
         794         781
         794         787
         794         793
         795         787
         795         793
         796         790
         796         793
         797         796
         798         797
         799         796
         799         798
         800         727
         800         790
         800         799
         801         793
         802         796
         802         801
         803         797
         803         802
         804         798
         804         800
         805         804
         806         800
         806         805
         807         727
         807         744
         807         806
         808         252
         808         757
         809         754
         809         757
         810         253
         810         808
         810         809
         811         754
         811         810
         812         811
         813         810
         813         812
         814         256
         814         810
         815         749
         815         753
         816         736
         817         749
         817         816
         818         815
         818         817
         819         816
         819         818
         820         819
         821         818
         821         820
         822         753
         822         818
         823         812
         823         822
         824         754
         824         812
         824         822
         825         818
         826         822
         826         825
         827         823
         827         826
         828         813
         829         812
         829         827
         829         828
         830         827
         830         828
         831         828
         832         830
         832         831
         833         258
         833         814
         833         831
         834         810
         834         828
         834         833
         835         827
         836         835
         837         827
         837         832
         837         836
         838         825
         838         827
         839         835
         839         838
         840         832
         840         836
         841         840
         842         832
         842         841
         843         831
         843         842
         844         835
         845         844
         846         835
         846         845
         847         836
         847         841
         847         846
         848         839
         848         844
         849         845
         849         847
         850         849
         851         847
         851         850
         852         841
         852         851
         853         841
         854         853
         855         841
         855         843
         855         854
         856         367
         856         831
         857         257
         857         833
         857         856
         858         368
         858         856
         859         843
         859         856
         860         369
         860         858
         860         859
         861         843
         861         854
         861         860
         862         854
         862         860
         863         381
         863         860
         864         603
         864         636
         865         591
         865         864
         866         636
         866         658
         866         865
         867         590
         867         865
         868         865
         869         868
         870         658
         870         865
         870         869
         871         865
         872         868
         872         871
         873         589
         873         867
         873         871
         874         869
         874         872
         875         872
         875         873
         876         875
         877         872
         877         876
         878         874
         878         877
         879         658
         879         869
         880         659
         880         879
         881         653
         881         659
         882         880
         882         881
         883         653
         883         882
         884         652
         884         883
         885         869
         885         878
         885         880
         886         878
         886         880
         887         882
         887         886
         888         882
         889         888
         890         882
         890         884
         890         889
         891         579
         891         586
         892         125
         892         891
         893         586
         893         892
         894         588
         894         893
         895         124
         895         151
         895         892
         896         892
         897         896
         898         892
         898         894
         898         897
         899         151
         899         892
         900         149
         900         896
         900         899
         901         897
         901         900
         902         149
         903         900
         903         902
         904         901
         904         903
         905         894
         905         897
         906         905
         907         894
         907         906
         908         588
         908         907
         909         875
         909         908
         910         907
         910         909
         911         906
         911         910
         912         909
         912         911
         913         875
         913         912
         914         588
         914         873
         914         909
         915         897
         915         904
         915         906
         916         904
         916         906
         917         911
         917         916
         918         911
         919         918
         920         911
         920         913
         920         919
         921         876
         922         921
         923         876
         923         878
         923         922
         924         876
         924         913
         925         921
         925         924
         926         913
         926         919
         926         925
         927         919
         927         925
         928         922
         928         925
         929         928
         930         929
         931         928
         931         930
         932         878
         932         922
         932         931
         933         925
         934         928
         934         933
         935         929
         935         934
         936         930
         936         932
         937         936
         938         932
         938         937
         939         878
         939         887
         939         938
         940         927
         941         919
         941         940
         942         918
         942         941
         943         940
         943         942
         944         940
         945         943
         945         944
         946         933
         946         944
         947         925
         947         940
         947         946
         948         911
         948         942
         949         917
         949         948
         950         942
         950         949
         951         943
         951         950
         952         934
         952         946
         953         944
         954         946
         954         953
         955         935
         955         952
         955         954
         956         953
         956         955
         957         956
         958         955
         958         957
         959         930
         959         935
         960         955
         961         935
         961         960
         962         959
         962         961
         963         945
         963         951
         964         950
         964         963
         965         963
         966         964
         966         965
         967         965
         968         944
         968         963
         968         967
         969         944
         969         967
         970         953
         970         969
         971         950
         972         971
         973         950
         973         966
         973         972
         974         967
         974         970
         975         965
         976         967
         976         975
         977         974
         977         976
         978         975
         978         977
         979         978
         980         977
         980         979
         981         970
         981         977
         982         957
         982         981
         983         953
         983         957
         983         981
         984         977
         985         981
         985         984
         986         982
         986         985
         987         958
         988         957
         988         986
         988         987
         989         986
         989         987
         990         987
         991         989
         991         990
         992         960
         992         990
         993         955
         993         987
         993         992
         994         887
         994         938
         995         937
         995         994
         996         887
         996         888
         996         995
         997         930
         997         937
         997         962
         998         937
         998         962
         999         995
         999         998
        1000         995
        1001        1000
        1002         888
        1002         995
        1002        1001
        1003         995
        1004        1000
        1004        1003
        1005         999
        1005        1003
        1006        1001
        1006        1004
        1007        1004
        1007        1005
        1008        1007
        1009        1004
        1009        1008
        1010        1006
        1010        1009
        1011         888
        1011        1001
        1012         889
        1012        1011
        1013         884
        1013         889
        1014        1012
        1014        1013
        1015         662
        1015         884
        1015        1014
        1016        1001
        1016        1010
        1016        1012
        1017        1010
        1017        1012
        1018        1014
        1018        1017
        1019         666
        1019        1014
        1020         662
        1020         666
        1020        1014
        1021        1018
        1022        1017
        1022        1021
        1023        1010
        1023        1022
        1024        1021
        1024        1023
        1025        1021
        1026        1024
        1026        1025
        1027        1019
        1027        1025
        1028        1014
        1028        1021
        1028        1027
        1029        1009
        1029        1023
        1030        1023
        1031        1030
        1032        1023
        1032        1026
        1032        1031
        1033        1023
        1034        1030
        1034        1033
        1035        1008
        1035        1029
        1035        1033
        1036        1031
        1036        1034
        1037        1034
        1037        1035
        1038        1037
        1039        1034
        1039        1038
        1040        1036
        1040        1039
        1041        1026
        1041        1031
        1042        1041
        1043        1026
        1043        1042
        1044        1025
        1044        1043
        1045        1044
        1046        1043
        1046        1045
        1047        1042
        1047        1046
        1048        1045
        1048        1047
        1049        1045
        1050        1048
        1050        1049
        1051        1049
        1052        1025
        1052        1045
        1052        1051
        1053        1025
        1053        1051
        1054        1027
        1054        1053
        1055        1031
        1055        1040
        1055        1042
        1056        1040
        1056        1042
        1057        1047
        1057        1056
        1058        1047
        1059        1058
        1060        1047
        1060        1050
        1060        1059
        1061        1051
        1061        1054
        1062        1049
        1063        1051
        1063        1062
        1064        1061
        1064        1063
        1065        1062
        1065        1064
        1066        1065
        1067        1064
        1067        1066
        1068         667
        1068        1054
        1068        1064
        1069         666
        1069        1027
        1069        1068
        1070         671
        1070        1064
        1071         664
        1071        1068
        1071        1070
        1072         998
        1072        1005
        1073         962
        1073        1072
        1074        1005
        1074        1073
        1075        1007
        1075        1074
        1076         961
        1076         992
        1076        1073
        1077        1073
        1078        1077
        1079        1073
        1079        1075
        1079        1078
        1080         992
        1080        1073
        1081         990
        1081        1077
        1081        1080
        1082        1078
        1082        1081
        1083         990
        1084        1081
        1084        1083
        1085        1082
        1085        1084
        1086        1075
        1086        1078
        1087        1086
        1088        1075
        1088        1087
        1089        1007
        1089        1088
        1090        1037
        1090        1089
        1091        1088
        1091        1090
        1092        1087
        1092        1091
        1093        1090
        1093        1092
        1094        1037
        1094        1093
        1095        1007
        1095        1035
        1095        1090
        1096        1078
        1096        1085
        1096        1087
        1097        1085
        1097        1087
        1098        1092
        1098        1097
        1099        1092
        1100        1099
        1101        1092
        1101        1094
        1101        1100
        1102        1038
        1103        1102
        1104        1038
        1104        1040
        1104        1103
        1105        1038
        1105        1094
        1106        1102
        1106        1105
        1107        1094
        1107        1100
        1107        1106
        1108        1100
        1108        1106
        1109        1103
        1109        1106
        1110        1109
        1111        1110
        1112        1109
        1112        1111
        1113        1040
        1113        1103
        1113        1112
        1114        1106
        1115        1109
        1115        1114
        1116        1110
        1116        1115
        1117        1111
        1117        1113
        1118        1117
        1119        1113
        1119        1118
        1120        1040
        1120        1057
        1120        1119
        1121         672
        1121        1070
        1122        1067
        1122        1070
        1123         673
        1123        1121
        1123        1122
        1124        1067
        1124        1123
        1125        1124
        1126        1123
        1126        1125
        1127         676
        1127        1123
        1128        1062
        1128        1066
        1129        1049
        1130        1062
        1130        1129
        1131        1128
        1131        1130
        1132        1129
        1132        1131
        1133        1132
        1134        1131
        1134        1133
        1135        1066
        1135        1131
        1136        1125
        1136        1135
        1137        1067
        1137        1125
        1137        1135
        1138        1131
        1139        1135
        1139        1138
        1140        1136
        1140        1139
        1141        1126
        1142        1125
        1142        1140
        1142        1141
        1143        1140
        1143        1141
        1144        1141
        1145        1143
        1145        1144
        1146         678
        1146        1127
        1146        1144
        1147        1123
        1147        1141
        1147        1146
        1148        1140
        1149        1148
        1150        1140
        1150        1145
        1150        1149
        1151        1138
        1151        1140
        1152        1148
        1152        1151
        1153        1145
        1153        1149
        1154        1153
        1155        1145
        1155        1154
        1156        1144
        1156        1155
        1157        1148
        1158        1157
        1159        1148
        1159        1158
        1160        1149
        1160        1154
        1160        1159
        1161        1152
        1161        1157
        1162        1158
        1162        1160
        1163        1162
        1164        1160
        1164        1163
        1165        1154
        1165        1164
        1166        1154
        1167        1166
        1168        1154
        1168        1156
        1168        1167
        1169         770
        1169        1144
        1170         677
        1170        1146
        1170        1169
        1171         771
        1171        1169
        1172        1156
        1172        1169
        1173         772
        1173        1171
        1173        1172
        1174        1156
        1174        1167
        1174        1173
        1175        1167
        1175        1173
        1176         784
        1176        1173
        1177         916
        1177         949
        1178         904
        1178        1177
        1179         949
        1179         971
        1179        1178
        1180         903
        1180        1178
        1181        1178
        1182        1181
        1183         971
        1183        1178
        1183        1182
        1184        1178
        1185        1181
        1185        1184
        1186         902
        1186        1180
        1186        1184
        1187        1182
        1187        1185
        1188        1185
        1188        1186
        1189        1188
        1190        1185
        1190        1189
        1191        1187
        1191        1190
        1192         971
        1192        1182
        1193         972
        1193        1192
        1194         966
        1194         972
        1195        1193
        1195        1194
        1196         966
        1196        1195
        1197         965
        1197        1196
        1198        1182
        1198        1191
        1198        1193
        1199        1191
        1199        1193
        1200        1195
        1200        1199
        1201        1195
        1202        1201
        1203        1195
        1203        1197
        1203        1202
        1204         150
        1204        1188
        1205         148
        1205        1204
        1206         145
        1206        1205
        1207        1204
        1207        1206
        1208        1188
        1208        1207
        1209         149
        1209        1186
        1209        1204
        1210         144
        1210         545
        1210        1206
        1211         542
        1211        1206
        1212        1211
        1213        1206
        1213        1208
        1213        1212
        1214        1189
        1215        1214
        1216        1189
        1216        1191
        1216        1215
        1217        1189
        1217        1208
        1218        1214
        1218        1217
        1219        1208
        1219        1212
        1219        1218
        1220        1212
        1220        1218
        1221        1215
        1221        1218
        1222        1221
        1223        1222
        1224        1221
        1224        1223
        1225        1191
        1225        1215
        1225        1224
        1226        1218
        1227        1221
        1227        1226
        1228        1222
        1228        1227
        1229        1223
        1229        1225
        1230        1229
        1231        1225
        1231        1230
        1232        1191
        1232        1200
        1232        1231
        1233         541
        1233        1220
        1234         542
        1234        1212
        1234        1233
        1235        1233
        1236         537
        1236         541
        1236        1235
        1237        1226
        1237        1235
        1238        1218
        1238        1233
        1238        1237
        1239         542
        1239         545
        1239        1206
        1240        1227
        1240        1237
        1241        1235
        1242        1237
        1242        1241
        1243        1228
        1243        1240
        1243        1242
        1244        1241
        1244        1243
        1245        1244
        1246        1243
        1246        1245
        1247        1223
        1247        1228
        1248        1243
        1249        1228
        1249        1248
        1250        1247
        1250        1249
        1251         524
        1252         537
        1252        1235
        1252        1251
        1253        1235
        1253        1251
        1254        1241
        1254        1253
        1255        1251
        1255        1254
        1256         525
        1256        1251
        1257        1255
        1257        1256
        1258         525
        1258         534
        1258        1257
        1259         534
        1259        1257
        1260        1254
        1260        1257
        1261        1245
        1261        1260
        1262        1241
        1262        1245
        1262        1260
        1263        1257
        1264        1260
        1264        1263
        1265        1261
        1265        1264
        1266        1246
        1267        1245
        1267        1265
        1267        1266
        1268        1265
        1268        1266
        1269        1266
        1270        1268
        1270        1269
        1271        1248
        1271        1269
        1272        1243
        1272        1266
        1272        1271
        1273        1200
        1273        1231
        1274        1230
        1274        1273
        1275        1200
        1275        1201
        1275        1274
        1276        1223
        1276        1230
        1276        1250
        1277        1230
        1277        1250
        1278        1274
        1278        1277
        1279        1274
        1280        1279
        1281        1201
        1281        1274
        1281        1280
        1282        1274
        1283        1279
        1283        1282
        1284        1278
        1284        1282
        1285        1280
        1285        1283
        1286        1283
        1286        1284
        1287        1286
        1288        1283
        1288        1287
        1289        1285
        1289        1288
        1290        1201
        1290        1280
        1291        1202
        1291        1290
        1292        1197
        1292        1202
        1293        1291
        1293        1292
        1294         975
        1294        1197
        1294        1293
        1295        1280
        1295        1289
        1295        1291
        1296        1289
        1296        1291
        1297        1293
        1297        1296
        1298         979
        1298        1293
        1299         975
        1299         979
        1299        1293
        1300        1297
        1301        1296
        1301        1300
        1302        1289
        1302        1301
        1303        1300
        1303        1302
        1304        1300
        1305        1303
        1305        1304
        1306        1298
        1306        1304
        1307        1293
        1307        1300
        1307        1306
        1308        1288
        1308        1302
        1309        1302
        1310        1309
        1311        1302
        1311        1305
        1311        1310
        1312        1302
        1313        1309
        1313        1312
        1314        1287
        1314        1308
        1314        1312
        1315        1310
        1315        1313
        1316        1313
        1316        1314
        1317        1316
        1318        1313
        1318        1317
        1319        1315
        1319        1318
        1320        1305
        1320        1310
        1321        1320
        1322        1305
        1322        1321
        1323        1304
        1323        1322
        1324        1323
        1325        1322
        1325        1324
        1326        1321
        1326        1325
        1327        1324
        1327        1326
        1328        1324
        1329        1327
        1329        1328
        1330        1328
        1331        1304
        1331        1324
        1331        1330
        1332        1304
        1332        1330
        1333        1306
        1333        1332
        1334        1310
        1334        1319
        1334        1321
        1335        1319
        1335        1321
        1336        1326
        1336        1335
        1337        1326
        1338        1337
        1339        1326
        1339        1329
        1339        1338
        1340        1330
        1340        1333
        1341        1328
        1342        1330
        1342        1341
        1343        1340
        1343        1342
        1344        1341
        1344        1343
        1345        1344
        1346        1343
        1346        1345
        1347         980
        1347        1333
        1347        1343
        1348         979
        1348        1306
        1348        1347
        1349         984
        1349        1343
        1350         977
        1350        1347
        1350        1349
        1351        1277
        1351        1284
        1352        1250
        1352        1351
        1353        1284
        1353        1352
        1354        1286
        1354        1353
        1355        1249
        1355        1271
        1355        1352
        1356        1352
        1357        1356
        1358        1352
        1358        1354
        1358        1357
        1359        1271
        1359        1352
        1360        1269
        1360        1356
        1360        1359
        1361        1357
        1361        1360
        1362        1269
        1363        1360
        1363        1362
        1364        1361
        1364        1363
        1365        1354
        1365        1357
        1366        1365
        1367        1354
        1367        1366
        1368        1286
        1368        1367
        1369        1316
        1369        1368
        1370        1367
        1370        1369
        1371        1366
        1371        1370
        1372        1369
        1372        1371
        1373        1316
        1373        1372
        1374        1286
        1374        1314
        1374        1369
        1375        1357
        1375        1364
        1375        1366
        1376        1364
        1376        1366
        1377        1371
        1377        1376
        1378        1371
        1379        1378
        1380        1371
        1380        1373
        1380        1379
        1381        1317
        1382        1381
        1383        1317
        1383        1319
        1383        1382
        1384        1317
        1384        1373
        1385        1381
        1385        1384
        1386        1373
        1386        1379
        1386        1385
        1387        1379
        1387        1385
        1388        1382
        1388        1385
        1389        1388
        1390        1389
        1391        1388
        1391        1390
        1392        1319
        1392        1382
        1392        1391
        1393        1385
        1394        1388
        1394        1393
        1395        1389
        1395        1394
        1396        1390
        1396        1392
        1397        1396
        1398        1392
        1398        1397
        1399        1319
        1399        1336
        1399        1398
        1400         985
        1400        1349
        1401        1346
        1401        1349
        1402         986
        1402        1400
        1402        1401
        1403        1346
        1403        1402
        1404        1403
        1405        1402
        1405        1404
        1406         989
        1406        1402
        1407        1341
        1407        1345
        1408        1328
        1409        1341
        1409        1408
        1410        1407
        1410        1409
        1411        1408
        1411        1410
        1412        1411
        1413        1410
        1413        1412
        1414        1345
        1414        1410
        1415        1404
        1415        1414
        1416        1346
        1416        1404
        1416        1414
        1417        1410
        1418        1414
        1418        1417
        1419        1415
        1419        1418
        1420        1405
        1421        1404
        1421        1419
        1421        1420
        1422        1419
        1422        1420
        1423        1420
        1424        1422
        1424        1423
        1425         991
        1425        1406
        1425        1423
        1426        1402
        1426        1420
        1426        1425
        1427        1419
        1428        1427
        1429        1419
        1429        1424
        1429        1428
        1430        1417
        1430        1419
        1431        1427
        1431        1430
        1432        1424
        1432        1428
        1433        1432
        1434        1424
        1434        1433
        1435        1423
        1435        1434
        1436        1427
        1437        1436
        1438        1427
        1438        1437
        1439        1428
        1439        1433
        1439        1438
        1440        1431
        1440        1436
        1441        1437
        1441        1439
        1442        1441
        1443        1439
        1443        1442
        1444        1433
        1444        1443
        1445        1433
        1446        1445
        1447        1433
        1447        1435
        1447        1446
        1448        1083
        1448        1423
        1449         990
        1449        1425
        1449        1448
        1450        1084
        1450        1448
        1451        1435
        1451        1448
        1452        1085
        1452        1450
        1452        1451
        1453        1435
        1453        1446
        1453        1452
        1454        1446
        1454        1452
        1455        1097
        1455        1452
        1456         532
        1457         531
        1457        1456
        1458         515
        1458        1457
        1459        1456
        1459        1458
        1460        1456
        1461        1459
        1461        1460
        1462         533
        1462        1460
        1463         522
        1463        1456
        1463        1462
        1464         514
        1464        1458
        1465        1458
        1466        1465
        1467        1458
        1467        1461
        1467        1466
        1468        1458
        1469        1465
        1469        1468
        1470         513
        1470        1464
        1470        1468
        1471        1466
        1471        1469
        1472        1469
        1472        1470
        1473        1472
        1474        1469
        1474        1473
        1475        1471
        1475        1474
        1476        1461
        1476        1466
        1477        1476
        1478        1461
        1478        1477
        1479        1460
        1479        1478
        1480        1479
        1481        1478
        1481        1480
        1482        1477
        1482        1481
        1483        1480
        1483        1482
        1484        1480
        1485        1483
        1485        1484
        1486        1484
        1487        1460
        1487        1480
        1487        1486
        1488        1460
        1488        1486
        1489        1462
        1489        1488
        1490        1466
        1490        1475
        1490        1477
        1491        1475
        1491        1477
        1492        1482
        1492        1491
        1493        1482
        1494        1493
        1495        1482
        1495        1485
        1495        1494
        1496        1486
        1496        1489
        1497        1484
        1498        1486
        1498        1497
        1499        1496
        1499        1498
        1500        1497
        1500        1499
        1501        1500
        1502        1499
        1502        1501
        1503        1259
        1503        1489
        1503        1499
        1504         534
        1504        1462
        1504        1503
        1505        1263
        1505        1499
        1506        1257
        1506        1503
        1506        1505
        1507         495
        1507        1472
        1508         493
        1508        1507
        1509         490
        1509        1508
        1510        1507
        1510        1509
        1511        1472
        1511        1510
        1512         494
        1512        1470
        1512        1507
        1513         489
        1513        1509
        1514        1509
        1515        1514
        1516        1509
        1516        1511
        1516        1515
        1517        1473
        1518        1517
        1519        1473
        1519        1475
        1519        1518
        1520        1473
        1520        1511
        1521        1517
        1521        1520
        1522        1511
        1522        1515
        1522        1521
        1523        1515
        1523        1521
        1524        1518
        1524        1521
        1525        1524
        1526        1525
        1527        1524
        1527        1526
        1528        1475
        1528        1518
        1528        1527
        1529        1521
        1530        1524
        1530        1529
        1531        1525
        1531        1530
        1532        1526
        1532        1528
        1533        1532
        1534        1528
        1534        1533
        1535        1475
        1535        1492
        1535        1534
        1536        1264
        1536        1505
        1537        1502
        1537        1505
        1538        1265
        1538        1536
        1538        1537
        1539        1502
        1539        1538
        1540        1539
        1541        1538
        1541        1540
        1542        1268
        1542        1538
        1543        1497
        1543        1501
        1544        1484
        1545        1497
        1545        1544
        1546        1543
        1546        1545
        1547        1544
        1547        1546
        1548        1547
        1549        1546
        1549        1548
        1550        1501
        1550        1546
        1551        1540
        1551        1550
        1552        1502
        1552        1540
        1552        1550
        1553        1546
        1554        1550
        1554        1553
        1555        1551
        1555        1554
        1556        1541
        1557        1540
        1557        1555
        1557        1556
        1558        1555
        1558        1556
        1559        1556
        1560        1558
        1560        1559
        1561        1270
        1561        1542
        1561        1559
        1562        1538
        1562        1556
        1562        1561
        1563        1555
        1564        1563
        1565        1555
        1565        1560
        1565        1564
        1566        1553
        1566        1555
        1567        1563
        1567        1566
        1568        1560
        1568        1564
        1569        1568
        1570        1560
        1570        1569
        1571        1559
        1571        1570
        1572        1563
        1573        1572
        1574        1563
        1574        1573
        1575        1564
        1575        1569
        1575        1574
        1576        1567
        1576        1572
        1577        1573
        1577        1575
        1578        1577
        1579        1575
        1579        1578
        1580        1569
        1580        1579
        1581        1569
        1582        1581
        1583        1569
        1583        1571
        1583        1582
        1584        1362
        1584        1559
        1585        1269
        1585        1561
        1585        1584
        1586        1363
        1586        1584
        1587        1571
        1587        1584
        1588        1364
        1588        1586
        1588        1587
        1589        1571
        1589        1582
        1589        1588
        1590        1582
        1590        1588
        1591        1376
        1591        1588
