 0.00000000e+00     0.00000000e+00
-8.09016994e-01    -5.87785252e-01
 3.09016994e-01    -9.51056516e-01
 1.00000000e+00     0.00000000e+00
 3.09016994e-01     9.51056516e-01
-8.09016994e-01     5.87785252e-01
-1.30901699e+00    -9.51056516e-01
-5.00000000e-01    -1.53884177e+00
 5.00000000e-01    -1.53884177e+00
 1.30901699e+00    -9.51056516e-01
 1.61803399e+00     0.00000000e+00
 1.30901699e+00     9.51056516e-01
 5.00000000e-01     1.53884177e+00
-5.00000000e-01     1.53884177e+00
-1.30901699e+00     9.51056516e-01
-1.61803399e+00     1.11022302e-16
-2.30901699e+00    -9.51056516e-01
-1.61803399e+00    -1.90211303e+00
 1.90983006e-01    -2.48989828e+00
 1.30901699e+00    -2.12662702e+00
 2.42705098e+00    -5.87785252e-01
 2.42705098e+00     5.87785252e-01
 1.30901699e+00     2.12662702e+00
 1.90983006e-01     2.48989828e+00
-1.61803399e+00     1.90211303e+00
-2.30901699e+00     9.51056516e-01
-8.09016994e-01    -2.48989828e+00
 2.11803399e+00    -1.53884177e+00
 2.11803399e+00     1.53884177e+00
-8.09016994e-01     2.48989828e+00
-2.61803399e+00     0.00000000e+00
