           2           1
           3           2
           4           1
           4           3
           5           4
           6           1
           6           5
           7           1
           8           6
           8           7
           9           7
          10           1
          10           9
          11           2
          11          10
          12           3
          12           5
          13          12
          14           5
          14          13
          15           5
          16          14
          16          15
          17           6
          17          15
          18           3
          18          13
          19          18
          20          13
          20          19
          21          13
          22          20
          22          21
          23          14
          23          21
          24           3
          24          11
          24          19
          25          11
          25          19
          26          19
          27          25
          27          26
          28          20
          28          26
          29          11
          30          10
          30          29
          31          25
          31          29
